 0 1 2 3 4 5 6 7 8
0 -152.800 62.450 -169.230 63.830 193.670 -193.022 2.461 -152.829 62.432
1 -152.750 62.450 -164.270 62.800 194.540 -190.983 4.027 -152.798 62.421
2 -152.850 62.400 -171.870 64.940 192.170 -191.683 -3.517 -152.808 62.425
3 -152.800 62.400 -166.620 63.910 192.950 -189.638 -1.950 -152.777 62.414
4 -152.750 62.400 -161.620 62.850 193.760 -187.595 -0.381 -152.745 62.403
5 -152.700 62.400 -156.860 61.790 194.570 -185.553 1.189 -152.714 62.392
6 -152.650 62.400 -152.330 60.730 195.390 -183.513 2.760 -152.683 62.380
7 -152.600 62.400 -148.000 59.680 196.200 -181.473 4.334 -152.651 62.369
8 -152.750 62.350 -159.110 62.870 193.040 -184.208 -4.790 -152.693 62.384
9 -152.700 62.350 -154.330 61.790 193.790 -182.163 -3.218 -152.662 62.373
10 -152.650 62.350 -149.770 60.700 194.550 -180.118 -1.643 -152.631 62.362
11 -152.600 62.350 -145.430 59.630 195.310 -178.076 -0.067 -152.599 62.350
12 -152.550 62.350 -141.280 58.580 196.060 -176.034 1.510 -152.568 62.339
13 -152.500 62.350 -137.310 57.550 196.790 -173.993 3.089 -152.537 62.328
14 -152.450 62.350 -133.510 56.570 197.500 -171.954 4.670 -152.505 62.317
15 -152.600 62.300 -142.990 59.560 194.500 -174.678 -4.468 -152.547 62.332
16 -152.550 62.300 -138.840 58.480 195.200 -172.633 -2.888 -152.516 62.321
17 -152.500 62.300 -134.860 57.430 195.890 -170.589 -1.307 -152.485 62.309
18 -152.450 62.300 -131.060 56.420 196.570 -168.546 0.277 -152.453 62.298
19 -152.400 62.300 -127.400 55.440 197.220 -166.505 1.861 -152.422 62.287
20 -152.350 62.300 -123.890 54.500 197.840 -164.465 3.448 -152.391 62.276
21 -152.300 62.300 -120.510 53.600 198.420 -162.426 5.036 -152.360 62.264
22 -152.450 62.250 -128.740 56.270 195.710 -165.139 -4.116 -152.401 62.279
23 -152.400 62.250 -125.080 55.260 196.330 -163.094 -2.529 -152.370 62.268
24 -152.350 62.250 -121.570 54.290 196.930 -161.050 -0.940 -152.339 62.257
25 -152.300 62.250 -118.190 53.360 197.500 -159.008 0.651 -152.308 62.245
26 -152.250 62.250 -114.930 52.470 198.030 -156.967 2.243 -152.277 62.234
27 -152.200 62.250 -111.790 51.620 198.530 -154.927 3.837 -152.246 62.223
28 -152.300 62.200 -116.010 53.140 196.650 -155.590 -3.734 -152.256 62.226
29 -152.250 62.200 -112.760 52.220 197.170 -153.545 -2.140 -152.225 62.215
30 -152.200 62.200 -109.620 51.330 197.660 -151.502 -0.543 -152.194 62.204
31 -152.150 62.200 -106.580 50.480 198.120 -149.460 1.055 -152.163 62.193
32 -152.100 62.200 -103.650 49.650 198.560 -147.419 2.654 -152.132 62.181
33 -152.050 62.200 -100.800 48.840 198.970 -145.380 4.255 -152.101 62.170
34 -152.150 62.150 -104.550 50.190 197.320 -146.032 -3.322 -152.111 62.174
35 -152.100 62.150 -101.620 49.330 197.750 -143.988 -1.720 -152.080 62.162
36 -152.050 62.150 -98.790 48.490 198.160 -141.945 -0.117 -152.049 62.151
37 -152.000 62.150 -96.050 47.670 198.550 -139.903 1.489 -152.018 62.139
38 -151.950 62.150 -93.390 46.850 198.930 -137.863 3.096 -151.987 62.128
39 -151.900 62.150 -90.810 46.030 199.300 -135.823 4.704 -151.956 62.117
40 -152.050 62.100 -96.880 48.170 197.420 -138.510 -4.488 -151.997 62.132
41 -152.000 62.100 -94.160 47.320 197.810 -136.465 -2.880 -151.966 62.120
42 -151.950 62.100 -91.510 46.480 198.180 -134.421 -1.271 -151.935 62.109
43 -151.900 62.100 -88.950 45.640 198.550 -132.379 0.340 -151.904 62.098
44 -151.850 62.100 -86.470 44.800 198.920 -130.337 1.953 -151.873 62.086
45 -151.800 62.100 -84.060 43.940 199.290 -128.297 3.567 -151.843 62.075
46 -151.900 62.050 -87.190 45.280 197.860 -128.934 -4.024 -151.852 62.078
47 -151.850 62.050 -84.720 44.410 198.230 -126.889 -2.408 -151.821 62.067
48 -151.800 62.050 -82.340 43.540 198.590 -124.845 -0.791 -151.791 62.056
49 -151.750 62.050 -80.030 42.650 198.970 -122.803 0.827 -151.760 62.044
50 -151.700 62.050 -77.800 41.740 199.370 -120.762 2.447 -151.729 62.033
51 -151.650 62.050 -75.640 40.810 199.800 -118.722 4.069 -151.699 62.021
52 -151.750 62.000 -78.410 42.250 198.320 -119.348 -3.529 -151.708 62.025
53 -151.700 62.000 -76.190 41.330 198.710 -117.304 -1.906 -151.677 62.013
54 -151.650 62.000 -74.060 40.380 199.110 -115.261 -0.282 -151.647 62.002
55 -151.600 62.000 -72.000 39.410 199.550 -113.219 1.344 -151.616 61.991
56 -151.550 62.000 -70.020 38.420 200.020 -111.178 2.972 -151.585 61.979
57 -151.500 62.000 -68.110 37.390 200.520 -109.139 4.601 -151.555 61.968
58 -151.650 61.950 -72.550 39.960 198.480 -111.799 -4.632 -151.595 61.983
59 -151.600 61.950 -70.510 38.980 198.890 -109.754 -3.004 -151.564 61.971
60 -151.550 61.950 -68.550 37.970 199.330 -107.710 -1.373 -151.534 61.960
61 -151.500 61.950 -66.660 36.930 199.810 -105.667 0.258 -151.503 61.948
62 -151.450 61.950 -64.850 35.870 200.330 -103.626 1.892 -151.473 61.937
63 -151.400 61.950 -63.120 34.780 200.890 -101.586 3.526 -151.442 61.925
64 -151.500 61.900 -65.280 36.470 199.140 -102.196 -4.084 -151.451 61.929
65 -151.450 61.900 -63.490 35.390 199.630 -100.151 -2.448 -151.421 61.917
66 -151.400 61.900 -61.780 34.290 200.150 -98.107 -0.811 -151.390 61.906
67 -151.350 61.900 -60.140 33.160 200.720 -96.065 0.828 -151.360 61.894
68 -151.300 61.900 -58.570 32.030 201.320 -94.024 2.469 -151.330 61.883
69 -151.250 61.900 -57.090 30.880 201.980 -91.984 4.111 -151.299 61.871
70 -151.350 61.850 -58.890 32.650 199.980 -92.583 -3.506 -151.308 61.875
71 -151.300 61.850 -57.350 31.500 200.550 -90.539 -1.863 -151.278 61.863
72 -151.250 61.850 -55.880 30.330 201.150 -88.496 -0.218 -151.247 61.852
73 -151.200 61.850 -54.480 29.170 201.800 -86.454 1.429 -151.217 61.840
74 -151.150 61.850 -53.160 28.010 202.500 -84.413 3.077 -151.187 61.828
75 -151.100 61.850 -51.910 26.860 203.250 -82.374 4.726 -151.157 61.817
76 -151.250 61.800 -54.740 29.780 200.380 -85.007 -4.547 -151.196 61.832
77 -151.200 61.800 -53.370 28.600 200.980 -82.962 -2.898 -151.165 61.820
78 -151.150 61.800 -52.060 27.430 201.620 -80.918 -1.247 -151.135 61.809
79 -151.100 61.800 -50.830 26.270 202.300 -78.876 0.405 -151.105 61.797
80 -151.050 61.800 -49.670 25.120 203.030 -76.835 2.059 -151.075 61.786
81 -151.000 61.800 -48.560 24.000 203.810 -74.794 3.715 -151.045 61.774
82 -151.100 61.750 -49.820 25.670 201.430 -75.377 -3.916 -151.053 61.777
83 -151.050 61.750 -48.680 24.520 202.100 -73.333 -2.259 -151.023 61.766
84 -151.000 61.750 -47.600 23.390 202.810 -71.289 -0.601 -150.993 61.754
85 -150.950 61.750 -46.580 22.290 203.560 -69.247 1.059 -150.963 61.743
86 -150.900 61.750 -45.620 21.220 204.370 -67.207 2.720 -150.933 61.731
87 -150.850 61.750 -44.720 20.180 205.230 -65.167 4.383 -150.903 61.719
88 -151.000 61.700 -46.700 22.790 201.910 -67.784 -4.917 -150.941 61.734
89 -150.950 61.700 -45.700 21.680 202.600 -65.739 -3.254 -150.911 61.723
90 -150.900 61.700 -44.760 20.610 203.330 -63.695 -1.590 -150.881 61.711
91 -150.850 61.700 -43.880 19.570 204.110 -61.652 0.075 -150.851 61.699
92 -150.800 61.700 -43.060 18.560 204.960 -59.610 1.742 -150.821 61.688
93 -150.750 61.700 -42.280 17.580 205.880 -57.570 3.411 -150.791 61.676
94 -150.850 61.650 -43.110 18.970 203.150 -58.137 -4.232 -150.799 61.679
95 -150.800 61.650 -42.300 17.960 203.910 -56.092 -2.563 -150.769 61.668
96 -150.750 61.650 -41.540 16.990 204.750 -54.049 -0.891 -150.739 61.656
97 -150.700 61.650 -40.830 16.040 205.670 -52.006 0.782 -150.709 61.645
98 -150.650 61.650 -40.170 15.130 206.710 -49.965 2.456 -150.680 61.633
99 -150.600 61.650 -39.560 14.230 207.890 -47.926 4.133 -150.650 61.621
100 -150.700 61.600 -40.170 15.490 204.660 -48.481 -3.518 -150.658 61.624
101 -150.650 61.600 -39.520 14.590 205.600 -46.437 -1.840 -150.628 61.613
102 -150.600 61.600 -38.930 13.720 206.660 -44.394 -0.162 -150.598 61.601
103 -150.550 61.600 -38.370 12.870 207.890 -42.352 1.519 -150.568 61.589
104 -150.500 61.600 -37.860 12.060 209.320 -40.312 3.201 -150.538 61.578
105 -150.450 61.600 -37.390 11.280 210.980 -38.273 4.884 -150.509 61.566
106 -150.600 61.550 -38.340 13.230 205.730 -40.863 -4.456 -150.547 61.581
107 -150.550 61.550 -37.800 12.420 206.850 -38.818 -2.773 -150.517 61.569
108 -150.500 61.550 -37.300 11.630 208.140 -36.774 -1.088 -150.487 61.558
109 -150.450 61.550 -36.840 10.880 209.650 -34.731 0.598 -150.457 61.546
110 -150.400 61.550 -36.420 10.170 211.410 -32.690 2.286 -150.428 61.534
111 -150.350 61.550 -36.030 9.510 213.450 -30.650 3.976 -150.398 61.522
112 -150.450 61.500 -36.330 10.530 208.710 -31.190 -3.688 -150.406 61.526
113 -150.400 61.500 -35.910 9.860 210.310 -29.146 -1.997 -150.376 61.514
114 -150.350 61.500 -35.530 9.220 212.170 -27.102 -0.305 -150.346 61.502
115 -150.300 61.500 -35.190 8.640 214.330 -25.061 1.389 -150.317 61.490
116 -150.250 61.500 -34.870 8.100 216.800 -23.020 3.084 -150.287 61.479
117 -150.200 61.500 -34.580 7.610 219.610 -20.981 4.781 -150.258 61.467
118 -150.350 61.450 -35.070 8.990 211.320 -23.555 -4.586 -150.295 61.482
119 -150.300 61.450 -34.720 8.430 213.280 -21.509 -2.889 -150.265 61.470
120 -150.250 61.450 -34.410 7.920 215.530 -19.466 -1.191 -150.236 61.458
121 -150.200 61.450 -34.120 7.460 218.100 -17.423 0.508 -150.206 61.446
122 -150.150 61.450 -33.860 7.040 220.990 -15.382 2.209 -150.177 61.435
123 -150.100 61.450 -33.630 6.660 224.200 -13.342 3.912 -150.147 61.423
124 -150.200 61.400 -33.680 7.340 217.040 -13.865 -3.764 -150.155 61.426
125 -150.150 61.400 -33.420 6.930 219.670 -11.821 -2.060 -150.125 61.414
126 -150.100 61.400 -33.190 6.570 222.620 -9.778 -0.355 -150.096 61.402
127 -150.050 61.400 -32.970 6.240 225.880 -7.736 1.352 -150.066 61.391
128 -150.000 61.400 -32.780 5.950 229.440 -5.695 3.061 -150.037 61.379
129 -149.950 61.400 -32.610 5.710 233.230 -3.656 4.771 -150.008 61.367
130 -150.100 61.350 -32.760 6.500 221.490 -6.213 -4.622 -150.044 61.382
131 -150.050 61.350 -32.540 6.170 224.490 -4.168 -2.912 -150.015 61.370
132 -150.000 61.350 -32.350 5.870 227.800 -2.124 -1.201 -149.986 61.358
133 -149.950 61.350 -32.180 5.610 231.390 -0.082 0.512 -149.956 61.346
134 -149.900 61.350 -32.020 5.390 235.210 1.960 2.226 -149.927 61.335
135 -149.850 61.350 -31.890 5.200 239.160 3.999 3.942 -149.898 61.323
136 -149.950 61.300 -31.760 5.520 229.930 3.492 -3.747 -149.905 61.326
137 -149.900 61.300 -31.600 5.280 233.550 5.537 -2.030 -149.876 61.314
138 -149.850 61.300 -31.460 5.080 237.360 7.580 -0.311 -149.846 61.302
139 -149.800 61.300 -31.340 4.920 241.240 9.622 1.409 -149.817 61.290
140 -149.750 61.300 -31.240 4.800 245.020 11.662 3.131 -149.788 61.278
141 -149.700 61.300 -31.160 4.710 248.540 13.702 4.855 -149.759 61.267
142 -149.850 61.250 -31.060 4.960 235.850 11.161 -4.564 -149.795 61.281
143 -149.800 61.250 -30.930 4.780 239.570 13.206 -2.841 -149.766 61.270
144 -149.750 61.250 -30.830 4.650 243.240 15.250 -1.117 -149.737 61.258
145 -149.700 61.250 -30.740 4.550 246.690 17.292 0.610 -149.707 61.246
146 -149.650 61.250 -30.660 4.500 249.760 19.333 2.337 -149.678 61.234
147 -149.600 61.250 -30.590 4.480 252.320 21.373 4.067 -149.649 61.222
148 -149.700 61.200 -30.340 4.390 244.860 20.882 -3.635 -149.656 61.225
149 -149.650 61.200 -30.260 4.330 247.780 22.927 -1.905 -149.627 61.213
150 -149.600 61.200 -30.190 4.310 250.210 24.970 -0.173 -149.598 61.201
151 -149.550 61.200 -30.120 4.320 252.070 27.012 1.561 -149.569 61.189
152 -149.500 61.200 -30.060 4.360 253.350 29.052 3.296 -149.540 61.177
153 -149.600 61.150 -29.800 4.160 247.900 28.567 -4.413 -149.547 61.180
154 -149.550 61.150 -29.730 4.170 249.550 30.612 -2.676 -149.518 61.168
155 -149.500 61.150 -29.670 4.220 250.670 32.655 -0.938 -149.489 61.156
156 -149.450 61.150 -29.600 4.290 251.310 34.698 0.801 -149.460 61.145
157 -149.400 61.150 -29.540 4.370 251.550 36.739 2.542 -149.431 61.133
158 -149.350 61.150 -29.470 4.470 251.480 38.778 4.285 -149.402 61.121
159 -149.450 61.100 -29.220 4.170 248.110 38.304 -3.430 -149.409 61.123
160 -149.400 61.100 -29.140 4.270 248.280 40.348 -1.686 -149.380 61.112
161 -149.350 61.100 -29.070 4.390 248.250 42.391 0.059 -149.351 61.100
162 -149.300 61.100 -28.990 4.510 248.090 44.433 1.806 -149.322 61.088
163 -149.250 61.100 -28.910 4.630 247.860 46.473 3.554 -149.293 61.076
164 -149.350 61.050 -28.680 4.320 244.620 46.004 -4.167 -149.300 61.078
165 -149.300 61.050 -28.590 4.450 244.580 48.049 -2.417 -149.271 61.067
166 -149.250 61.050 -28.500 4.580 244.560 50.093 -0.666 -149.242 61.055
167 -149.200 61.050 -28.410 4.710 244.580 52.135 1.087 -149.213 61.043
168 -149.150 61.050 -28.310 4.820 244.610 54.175 2.841 -149.184 61.031
169 -149.100 61.050 -28.210 4.930 244.590 56.215 4.597 -149.156 61.019
170 -149.250 61.000 -28.110 4.560 240.960 53.712 -4.886 -149.191 61.033
171 -149.200 61.000 -28.000 4.690 241.250 55.757 -3.131 -149.162 61.021
172 -149.150 61.000 -27.890 4.800 241.600 57.801 -1.374 -149.133 61.009
173 -149.100 61.000 -27.790 4.900 241.960 59.844 0.385 -149.105 60.997
174 -149.050 61.000 -27.680 4.990 242.250 61.885 2.145 -149.076 60.985
175 -149.000 61.000 -27.570 5.060 242.370 63.925 3.907 -149.047 60.973
176 -149.100 60.950 -27.370 4.880 239.080 63.473 -3.827 -149.054 60.976
177 -149.050 60.950 -27.250 4.950 239.750 65.518 -2.064 -149.025 60.964
178 -149.000 60.950 -27.140 5.020 240.270 67.561 -0.299 -148.996 60.952
179 -148.950 60.950 -27.020 5.080 240.560 69.603 1.467 -148.968 60.940
180 -148.900 60.950 -26.900 5.130 240.510 71.643 3.234 -148.939 60.928
181 -149.000 60.900 -26.720 4.970 237.960 71.196 -4.506 -148.945 60.931
182 -148.950 60.900 -26.590 5.020 238.640 73.241 -2.737 -148.917 60.919
183 -148.900 60.900 -26.470 5.050 239.000 75.285 -0.966 -148.888 60.907
184 -148.850 60.900 -26.350 5.090 238.950 77.327 0.806 -148.860 60.895
185 -148.800 60.900 -26.220 5.140 238.440 79.368 2.579 -148.831 60.882
186 -148.750 60.900 -26.090 5.190 237.460 81.408 4.354 -148.803 60.870
187 -148.850 60.850 -25.930 5.000 237.630 80.973 -3.393 -148.809 60.873
188 -148.800 60.850 -25.800 5.020 237.500 83.017 -1.616 -148.780 60.861
189 -148.750 60.850 -25.670 5.060 236.870 85.060 0.162 -148.752 60.849
190 -148.700 60.850 -25.540 5.100 235.780 87.101 1.941 -148.724 60.837
191 -148.650 60.850 -25.400 5.150 234.260 89.141 3.722 -148.695 60.825
192 -148.750 60.800 -25.270 4.920 236.140 88.711 -4.031 -148.701 60.827
193 -148.700 60.800 -25.140 4.950 235.370 90.756 -2.249 -148.673 60.815
194 -148.650 60.800 -25.000 4.990 234.140 92.799 -0.465 -148.644 60.803
195 -148.600 60.800 -24.860 5.030 232.540 94.841 1.320 -148.616 60.791
196 -148.550 60.800 -24.710 5.080 230.670 96.882 3.107 -148.588 60.779
197 -148.500 60.800 -24.560 5.140 228.640 98.921 4.896 -148.559 60.767
198 -148.650 60.750 -24.620 4.820 233.950 96.457 -4.652 -148.594 60.781
199 -148.600 60.750 -24.480 4.850 232.610 98.502 -2.864 -148.565 60.769
200 -148.550 60.750 -24.340 4.890 230.940 100.546 -1.074 -148.537 60.757
201 -148.500 60.750 -24.190 4.930 229.060 102.588 0.717 -148.509 60.745
202 -148.450 60.750 -24.030 4.970 227.090 104.629 2.510 -148.480 60.733
203 -148.400 60.750 -23.860 5.010 225.110 106.669 4.304 -148.452 60.721
204 -148.500 60.700 -23.830 4.730 229.530 106.256 -3.461 -148.458 60.723
205 -148.450 60.700 -23.680 4.760 227.670 108.300 -1.666 -148.430 60.711
206 -148.400 60.700 -23.530 4.790 225.770 110.343 0.131 -148.402 60.699
207 -148.350 60.700 -23.360 4.820 223.890 112.385 1.930 -148.373 60.687
208 -148.300 60.700 -23.190 4.840 222.110 114.425 3.730 -148.345 60.675
209 -148.400 60.650 -23.200 4.590 226.560 114.017 -4.042 -148.351 60.677
210 -148.350 60.650 -23.040 4.610 224.720 116.062 -2.240 -148.323 60.665
211 -148.300 60.650 -22.880 4.620 222.940 118.105 -0.437 -148.295 60.653
212 -148.250 60.650 -22.720 4.630 221.270 120.147 1.368 -148.267 60.641
213 -148.200 60.650 -22.550 4.620 219.750 122.187 3.174 -148.239 60.629
214 -148.300 60.600 -22.580 4.430 223.970 121.785 -4.604 -148.244 60.631
215 -148.250 60.600 -22.430 4.430 222.270 123.830 -2.797 -148.216 60.619
216 -148.200 60.600 -22.270 4.430 220.690 125.874 -0.988 -148.188 60.607
217 -148.150 60.600 -22.110 4.430 219.260 127.916 0.822 -148.160 60.594
218 -148.100 60.600 -21.940 4.410 218.000 129.957 2.635 -148.132 60.582
219 -148.050 60.600 -21.780 4.390 216.920 131.997 4.448 -148.104 60.570
220 -148.150 60.550 -21.840 4.260 220.340 131.606 -3.337 -148.109 60.572
221 -148.100 60.550 -21.680 4.250 218.980 133.650 -1.522 -148.082 60.560
222 -148.050 60.550 -21.520 4.240 217.790 135.693 0.295 -148.054 60.548
223 -148.000 60.550 -21.360 4.220 216.780 137.734 2.113 -148.026 60.536
224 -147.950 60.550 -21.200 4.200 215.950 139.774 3.932 -147.998 60.524
225 -148.050 60.500 -21.270 4.110 218.840 139.389 -3.859 -148.003 60.526
226 -148.000 60.500 -21.120 4.100 217.700 141.433 -2.038 -147.975 60.514
227 -147.950 60.500 -20.960 4.090 216.740 143.476 -0.215 -147.947 60.501
228 -147.900 60.500 -20.800 4.070 215.980 145.518 1.608 -147.920 60.489
229 -147.850 60.500 -20.640 4.050 215.400 147.559 3.434 -147.892 60.477
230 -147.950 60.450 -20.720 3.990 217.670 147.179 -4.363 -147.897 60.479
231 -147.900 60.450 -20.570 3.980 216.760 149.224 -2.537 -147.869 60.467
232 -147.850 60.450 -20.420 3.970 216.050 151.267 -0.708 -147.841 60.455
233 -147.800 60.450 -20.260 3.960 215.550 153.309 1.122 -147.814 60.442
234 -147.750 60.450 -20.110 3.940 215.230 155.350 2.953 -147.786 60.430
235 -147.700 60.450 -19.950 3.910 215.110 157.389 4.786 -147.758 60.418
236 -147.850 60.400 -20.190 3.900 216.770 154.976 -4.850 -147.791 60.432
237 -147.800 60.400 -20.040 3.900 216.120 157.021 -3.018 -147.763 60.420
238 -147.750 60.400 -19.890 3.890 215.690 159.065 -1.184 -147.736 60.408
239 -147.700 60.400 -19.740 3.870 215.460 161.107 0.652 -147.708 60.396
240 -147.650 60.400 -19.590 3.850 215.430 163.148 2.489 -147.680 60.383
241 -147.600 60.400 -19.440 3.820 215.580 165.188 4.328 -147.653 60.371
242 -147.700 60.350 -19.520 3.840 215.780 164.825 -3.482 -147.658 60.373
243 -147.650 60.350 -19.370 3.830 215.640 166.870 -1.641 -147.630 60.361
244 -147.600 60.350 -19.220 3.810 215.710 168.912 0.200 -147.602 60.349
245 -147.550 60.350 -19.070 3.780 215.980 170.954 2.043 -147.575 60.336
246 -147.500 60.350 -18.930 3.750 216.450 172.994 3.888 -147.547 60.324
247 -147.600 60.300 -19.000 3.800 215.760 172.637 -3.928 -147.552 60.326
248 -147.550 60.300 -18.860 3.780 215.940 174.681 -2.082 -147.525 60.314
249 -147.500 60.300 -18.710 3.760 216.340 176.724 -0.234 -147.497 60.302
250 -147.450 60.300 -18.560 3.730 216.930 178.766 1.615 -147.470 60.289
251 -147.400 60.300 -18.420 3.690 217.730 180.807 3.465 -147.442 60.277
252 -147.500 60.250 -18.490 3.770 216.100 180.455 -4.357 -147.447 60.279
253 -147.450 60.250 -18.350 3.750 216.630 182.500 -2.505 -147.419 60.267
254 -147.400 60.250 -18.200 3.720 217.370 184.543 -0.651 -147.392 60.254
255 -147.350 60.250 -18.060 3.680 218.330 186.585 1.204 -147.365 60.242
256 -147.300 60.250 -17.920 3.640 219.500 188.626 3.060 -147.337 60.230
257 -147.400 60.200 -17.980 3.750 216.880 188.280 -4.768 -147.342 60.232
258 -147.350 60.200 -17.840 3.720 217.780 190.325 -2.910 -147.315 60.219
259 -147.300 60.200 -17.700 3.680 218.910 192.369 -1.051 -147.287 60.207
260 -147.250 60.200 -17.560 3.630 220.260 194.411 0.810 -147.260 60.195
261 -147.200 60.200 -17.430 3.570 221.840 196.452 2.673 -147.233 60.182
262 -147.150 60.200 -17.310 3.500 223.650 198.492 4.537 -147.205 60.170
263 -147.250 60.150 -17.340 3.670 219.490 198.158 -3.298 -147.210 60.172
264 -147.200 60.150 -17.200 3.610 221.030 200.202 -1.433 -147.183 60.160
265 -147.150 60.150 -17.070 3.540 222.820 202.244 0.434 -147.155 60.147
266 -147.100 60.150 -16.950 3.470 224.840 204.286 2.303 -147.128 60.135
267 -147.050 60.150 -16.830 3.380 227.100 206.325 4.173 -147.101 60.122
268 -147.150 60.100 -16.840 3.580 221.840 205.997 -3.668 -147.105 60.124
269 -147.100 60.100 -16.710 3.500 223.840 208.041 -1.797 -147.078 60.112
270 -147.050 60.100 -16.590 3.420 226.090 210.084 0.076 -147.051 60.099
271 -147.000 60.100 -16.480 3.330 228.570 212.126 1.950 -147.024 60.087
272 -146.950 60.100 -16.380 3.250 231.260 214.166 3.826 -146.997 60.075
273 -147.050 60.050 -16.360 3.450 224.930 213.843 -4.021 -147.001 60.077
274 -147.000 60.050 -16.240 3.360 227.400 215.887 -2.144 -146.974 60.064
275 -146.950 60.050 -16.130 3.270 230.090 217.930 -0.265 -146.947 60.052
276 -146.900 60.050 -16.040 3.180 232.990 219.972 1.615 -146.920 60.039
277 -146.850 60.050 -15.950 3.110 236.030 222.012 3.497 -146.893 60.027
278 -146.950 60.000 -15.890 3.290 228.750 221.695 -4.356 -146.897 60.029
279 -146.900 60.000 -15.790 3.200 231.640 223.740 -2.473 -146.870 60.016
280 -146.850 60.000 -15.700 3.110 234.710 225.783 -0.588 -146.843 60.004
281 -146.800 60.000 -15.620 3.040 237.880 227.825 1.298 -146.816 59.991
282 -146.750 60.000 -15.540 2.980 241.110 229.866 3.186 -146.789 59.979
283 -146.850 59.950 -15.460 3.120 233.170 229.554 -4.674 -146.793 59.981
284 -146.800 59.950 -15.370 3.050 236.350 231.599 -2.785 -146.766 59.968
285 -146.750 59.950 -15.290 2.980 239.600 233.643 -0.894 -146.739 59.956
286 -146.700 59.950 -15.220 2.940 242.840 235.685 0.998 -146.712 59.943
287 -146.650 59.950 -15.160 2.900 246.010 237.726 2.892 -146.685 59.931
288 -146.750 59.900 -15.040 2.990 237.830 237.420 -4.974 -146.689 59.933
289 -146.700 59.900 -14.970 2.940 241.080 239.466 -3.079 -146.662 59.920
290 -146.650 59.900 -14.900 2.900 244.270 241.509 -1.182 -146.636 59.908
291 -146.600 59.900 -14.850 2.880 247.350 243.552 0.716 -146.609 59.895
292 -146.550 59.900 -14.800 2.880 250.260 245.593 2.616 -146.582 59.883
293 -146.500 59.900 -14.750 2.880 252.980 247.633 4.517 -146.555 59.870
294 -146.600 59.850 -14.590 2.890 245.330 247.338 -3.355 -146.559 59.872
295 -146.550 59.850 -14.530 2.880 248.270 249.382 -1.453 -146.532 59.860
296 -146.500 59.850 -14.490 2.890 251.040 251.425 0.451 -146.506 59.847
297 -146.450 59.850 -14.440 2.900 253.610 253.466 2.357 -146.479 59.835
298 -146.400 59.850 -14.410 2.930 255.970 255.506 4.264 -146.452 59.822
299 -146.500 59.800 -14.220 2.910 248.760 255.217 -3.614 -146.456 59.824
300 -146.450 59.800 -14.170 2.930 251.380 257.262 -1.706 -146.429 59.811
301 -146.400 59.800 -14.130 2.950 253.810 259.305 0.204 -146.402 59.799
302 -146.350 59.800 -14.090 2.990 256.060 261.346 2.116 -146.376 59.786
303 -146.300 59.800 -14.060 3.020 258.140 263.386 4.029 -146.349 59.774
304 -146.400 59.750 -13.860 2.980 251.320 263.103 -3.855 -146.353 59.775
305 -146.350 59.750 -13.810 3.020 253.640 265.148 -1.941 -146.326 59.763
306 -146.300 59.750 -13.770 3.060 255.800 267.191 -0.025 -146.300 59.750
307 -146.250 59.750 -13.740 3.110 257.800 269.232 1.893 -146.273 59.738
308 -146.200 59.750 -13.710 3.160 259.660 271.272 3.812 -146.247 59.725
309 -146.300 59.700 -13.480 3.110 253.160 270.995 -4.079 -146.250 59.727
310 -146.250 59.700 -13.440 3.160 255.250 273.040 -2.159 -146.224 59.714
311 -146.200 59.700 -13.400 3.210 257.200 275.083 -0.237 -146.197 59.702
312 -146.150 59.700 -13.370 3.270 259.010 277.125 1.687 -146.171 59.689
313 -146.100 59.700 -13.340 3.330 260.690 279.165 3.612 -146.144 59.676
314 -146.200 59.650 -13.100 3.270 254.480 278.894 -4.285 -146.148 59.678
315 -146.150 59.650 -13.060 3.330 256.380 280.939 -2.359 -146.121 59.665
316 -146.100 59.650 -13.020 3.400 258.150 282.982 -0.431 -146.095 59.653
317 -146.050 59.650 -12.990 3.470 259.790 285.024 1.499 -146.068 59.640
318 -146.000 59.650 -12.960 3.540 261.280 287.064 3.430 -146.042 59.628
319 -146.100 59.600 -12.700 3.470 255.400 286.799 -4.473 -146.045 59.629
320 -146.050 59.600 -12.660 3.540 257.120 288.844 -2.541 -146.019 59.617
321 -146.000 59.600 -12.620 3.610 258.710 290.887 -0.607 -145.993 59.604
322 -145.950 59.600 -12.590 3.690 260.150 292.930 1.328 -145.966 59.591
323 -145.900 59.600 -12.560 3.760 261.420 294.970 3.265 -145.940 59.579
324 -146.000 59.550 -12.270 3.690 255.970 294.711 -4.644 -145.943 59.580
325 -145.950 59.550 -12.230 3.760 257.510 296.756 -2.706 -145.917 59.568
326 -145.900 59.550 -12.190 3.840 258.900 298.799 -0.766 -145.891 59.555
327 -145.850 59.550 -12.160 3.920 260.120 300.841 1.175 -145.864 59.542
328 -145.800 59.550 -12.130 4.000 261.170 302.882 3.118 -145.838 59.530
329 -145.900 59.500 -11.830 3.910 256.240 302.628 -4.797 -145.841 59.531
330 -145.850 59.500 -11.780 3.990 257.580 304.673 -2.853 -145.815 59.519
331 -145.800 59.500 -11.740 4.070 258.770 306.717 -0.907 -145.789 59.506
332 -145.750 59.500 -11.700 4.150 259.800 308.759 1.040 -145.763 59.493
333 -145.700 59.500 -11.670 4.220 260.640 310.800 2.989 -145.737 59.481
334 -145.800 59.450 -11.350 4.120 256.270 310.552 -4.932 -145.740 59.482
335 -145.750 59.450 -11.310 4.200 257.440 312.597 -2.982 -145.714 59.469
336 -145.700 59.450 -11.260 4.270 258.460 314.641 -1.031 -145.687 59.457
337 -145.650 59.450 -11.220 4.350 259.310 316.684 0.923 -145.661 59.444
338 -145.600 59.450 -11.180 4.420 259.980 318.724 2.877 -145.635 59.431
339 -145.700 59.400 -10.850 4.300 256.180 318.482 -5.050 -145.638 59.433
340 -145.650 59.400 -10.800 4.370 257.210 320.528 -3.094 -145.612 59.420
341 -145.600 59.400 -10.760 4.440 258.080 322.572 -1.136 -145.586 59.407
342 -145.550 59.400 -10.710 4.500 258.790 324.614 0.823 -145.560 59.395
343 -145.500 59.400 -10.670 4.560 259.310 326.655 2.784 -145.534 59.382
344 -145.600 59.350 -10.340 4.420 256.080 326.419 -5.150 -145.537 59.383
345 -145.550 59.350 -10.290 4.480 257.000 328.464 -3.188 -145.511 59.371
346 -145.500 59.350 -10.240 4.530 257.740 330.508 -1.224 -145.485 59.358
347 -145.450 59.350 -10.190 4.580 258.310 332.551 0.741 -145.459 59.345
348 -145.400 59.350 -10.150 4.620 258.680 334.592 2.707 -145.433 59.332
349 -145.500 59.300 -9.810 4.470 256.050 334.361 -5.232 -145.436 59.334
350 -145.450 59.300 -9.760 4.510 256.840 336.407 -3.264 -145.410 59.321
