OBJECTID,Lon,Lat,Depth,Dip,Strike
1,208.000000000000000,63.049999999999997,-156.934500000000014,57.217700000000001,215.007499999999993
2,208.050000000000011,63.049999999999997,-153.735199999999992,57.094900000000003,214.897300000000001
3,208.050000000000011,63.000000000000000,-148.882499999999993,56.601199999999999,214.545400000000001
4,208.099999999999994,63.000000000000000,-145.739599999999996,56.401400000000002,214.476400000000012
5,208.099999999999994,62.950000000000003,-141.074299999999994,55.820900000000002,214.068800000000010
6,208.150000000000006,62.950000000000003,-138.005400000000009,55.539000000000001,214.048900000000003
7,208.150000000000006,62.899999999999999,-133.548599999999993,54.875999999999998,213.580900000000014
8,208.199999999999989,62.899999999999999,-130.569400000000002,54.507300000000001,213.617700000000013
9,208.250000000000000,62.850000000000001,-123.461900000000000,53.308700000000002,213.186599999999999
10,208.300000000000011,62.799999999999997,-116.705699999999993,51.949700000000000,212.760600000000011
11,208.349999999999994,62.799999999999997,-114.007199999999997,51.339799999999997,212.969699999999989
12,208.349999999999994,62.750000000000000,-110.314999999999998,50.442200000000000,212.345799999999997
13,208.400000000000006,62.750000000000000,-107.747000000000000,49.740000000000002,212.634399999999999
14,208.400000000000006,62.700000000000003,-104.296199999999999,48.804099999999998,211.949600000000004
15,208.449999999999989,62.700000000000003,-101.862600000000000,48.015500000000003,212.320500000000010
16,208.449999999999989,62.649999999999999,-98.647300000000001,47.059699999999999,211.581099999999992
17,208.500000000000000,62.649999999999999,-96.349299999999999,46.193800000000003,212.036499999999990
18,208.550000000000011,62.600000000000001,-91.194800000000001,44.307000000000002,211.791799999999995
19,208.599999999999994,62.549999999999997,-86.381399999999999,42.389000000000003,211.596300000000014
20,208.650000000000006,62.549999999999997,-84.431299999999993,41.373199999999997,212.290400000000005
21,208.650000000000006,62.500000000000000,-81.887299999999996,40.471600000000002,211.458699999999993
22,208.699999999999989,62.500000000000000,-80.060900000000004,39.426600000000001,212.242799999999988
23,208.699999999999989,62.450000000000003,-77.688500000000005,38.580900000000000,211.384800000000013
24,208.750000000000000,62.450000000000003,-75.978499999999997,37.519500000000001,212.257800000000003
25,208.750000000000000,62.399999999999999,-73.760700000000000,36.734999999999999,211.375599999999991
26,208.800000000000011,62.399999999999999,-72.159700000000001,35.667400000000001,212.334599999999995
27,208.849999999999994,62.350000000000001,-68.582099999999997,33.875999999999998,212.466299999999990
28,208.900000000000006,62.299999999999997,-65.226299999999995,32.142600000000002,212.639600000000002
29,208.949999999999989,62.299999999999997,-63.895899999999997,31.097200000000001,213.828399999999988
30,208.949999999999989,62.250000000000000,-62.076700000000002,30.458100000000002,212.835700000000003
31,209.000000000000000,62.250000000000000,-60.833199999999998,29.429099999999998,214.090699999999998
32,209.000000000000000,62.200000000000003,-59.121200000000002,28.810300000000002,213.032700000000006
33,209.050000000000011,62.200000000000003,-57.959800000000001,27.798999999999999,214.344899999999996
34,209.050000000000011,62.149999999999999,-56.351199999999999,27.186599999999999,213.207400000000007
35,209.099999999999994,62.149999999999999,-55.267800000000001,26.193400000000000,214.568999999999988
36,209.150000000000006,62.100000000000001,-52.752000000000002,24.600300000000001,214.743400000000008
37,209.199999999999989,62.049999999999997,-50.409300000000002,23.010899999999999,214.854299999999995
38,209.250000000000000,62.000000000000000,-48.237400000000001,21.420100000000001,214.895399999999995
39,209.300000000000011,62.000000000000000,-47.425699999999999,20.504100000000001,216.494499999999988
40,209.300000000000011,61.950000000000003,-46.234800000000000,19.827500000000001,214.869400000000013
41,209.349999999999994,61.950000000000003,-45.488399999999999,18.922999999999998,216.535200000000003
42,209.349999999999994,61.899999999999999,-44.399099999999997,18.238399999999999,214.788700000000006
43,209.400000000000006,61.899999999999999,-43.716600000000000,17.345500000000001,216.535200000000003
44,209.449999999999989,61.850000000000001,-42.106800000000000,15.786500000000000,216.520399999999995
45,209.500000000000000,61.799999999999997,-40.653799999999997,14.268300000000000,216.525299999999987
46,209.550000000000011,61.750000000000000,-39.349499999999999,12.820200000000000,216.592800000000011
47,209.599999999999994,61.750000000000000,-38.891300000000001,12.039999999999999,218.955299999999994
48,209.599999999999994,61.700000000000003,-38.182699999999997,11.474900000000000,216.772799999999989
49,209.650000000000006,61.700000000000003,-37.775300000000001,10.748699999999999,219.312900000000013
50,209.650000000000006,61.649999999999999,-37.139499999999998,10.263800000000000,217.119300000000010
51,209.699999999999989,61.649999999999999,-36.777900000000002,9.604500000000000,219.838500000000010
52,209.699999999999989,61.600000000000001,-36.203299999999999,9.211200000000000,217.684300000000007
53,209.750000000000000,61.600000000000001,-35.881700000000002,8.627400000000000,220.570799999999991
54,209.800000000000011,61.549999999999997,-35.068899999999999,7.822200000000000,221.536699999999996
55,209.849999999999994,61.500000000000000,-34.322200000000002,7.176500000000000,222.746800000000007
56,209.900000000000006,61.500000000000000,-34.090499999999999,6.797100000000000,226.188999999999993
57,209.900000000000006,61.450000000000003,-33.626800000000003,6.662100000000000,224.198800000000006
58,209.949999999999989,61.450000000000003,-33.416499999999999,6.335800000000000,227.705199999999991
59,209.949999999999989,61.399999999999999,-32.971299999999999,6.240800000000000,225.884600000000006
60,210.000000000000000,61.399999999999999,-32.780000000000001,5.953100000000000,229.438799999999986
61,210.000000000000000,61.350000000000001,-32.348900000000000,5.872400000000000,227.797100000000000
62,210.050000000000011,61.350000000000001,-32.175300000000000,5.611600000000000,231.393599999999992
63,210.099999999999994,61.299999999999997,-31.600500000000000,5.284200000000000,233.552500000000009
64,210.150000000000006,61.250000000000000,-31.055900000000001,4.958600000000000,235.846599999999995
65,210.199999999999989,61.250000000000000,-30.934500000000000,4.781100000000000,239.565699999999993
66,210.199999999999989,61.200000000000003,-30.542600000000000,4.638100000000000,238.115299999999991
67,210.250000000000000,61.200000000000003,-30.435600000000001,4.493800000000000,241.584300000000013
68,210.250000000000000,61.149999999999999,-30.060700000000001,4.338100000000000,240.075500000000005
69,210.300000000000011,61.149999999999999,-29.965499999999999,4.235600000000000,243.067100000000011
70,210.300000000000011,61.100000000000001,-29.608100000000000,4.079900000000000,241.327699999999993
71,210.349999999999994,61.100000000000001,-29.520700000000001,4.026100000000000,243.593400000000003
72,210.400000000000006,61.049999999999997,-29.094899999999999,3.885000000000000,242.810200000000009
73,210.449999999999989,61.000000000000000,-28.680199999999999,3.829200000000000,240.618799999999993
74,210.500000000000000,61.000000000000000,-28.591300000000000,3.914200000000000,240.807299999999998
75,210.500000000000000,60.950000000000003,-28.267600000000002,3.868900000000000,237.300000000000011
76,210.550000000000011,60.950000000000003,-28.167100000000001,3.995400000000000,237.043299999999988
77,210.550000000000011,60.899999999999999,-27.848700000000001,4.000600000000000,233.444899999999990
78,210.599999999999994,60.899999999999999,-27.733300000000000,4.154100000000000,233.085800000000006
79,210.599999999999994,60.850000000000001,-27.416799999999999,4.203500000000000,229.704399999999993
80,210.650000000000006,60.850000000000001,-27.285100000000000,4.362500000000000,229.496900000000011
81,210.699999999999989,60.799999999999997,-26.820300000000000,4.583800000000000,226.617999999999995
82,210.750000000000000,60.750000000000000,-26.339500000000001,4.781100000000000,224.574000000000012
83,210.800000000000011,60.700000000000003,-25.845500000000001,4.926600000000000,223.354199999999992
84,210.849999999999994,60.700000000000003,-25.675500000000000,4.946900000000000,224.359399999999994
85,210.849999999999994,60.649999999999999,-25.342400000000001,5.005400000000000,222.887599999999992
86,210.900000000000006,60.649999999999999,-25.169300000000000,4.976400000000000,224.099199999999996
87,210.900000000000006,60.600000000000001,-24.835000000000001,5.015400000000000,223.082899999999995
88,210.949999999999989,60.600000000000001,-24.662900000000000,4.945000000000000,224.449299999999994
89,211.000000000000000,60.549999999999997,-24.160299999999999,4.864800000000000,225.311299999999989
90,211.050000000000011,60.500000000000000,-23.664500000000000,4.750800000000000,226.577300000000008
91,211.099999999999994,60.450000000000003,-23.177700000000002,4.617500000000000,228.129400000000004
92,211.150000000000006,60.450000000000003,-23.034099999999999,4.501400000000000,229.688700000000011
93,211.150000000000006,60.399999999999999,-22.701200000000000,4.474700000000000,229.845100000000002
94,211.199999999999989,60.399999999999999,-22.566600000000001,4.364000000000000,231.294700000000006
95,211.199999999999989,60.350000000000001,-22.236300000000000,4.327100000000000,231.609499999999997
96,211.250000000000000,60.350000000000001,-22.110600000000002,4.224200000000000,232.922799999999995
97,211.250000000000000,60.299999999999997,-21.783999999999999,4.173900000000000,233.329499999999996
98,211.300000000000011,60.299999999999997,-21.667100000000001,4.078800000000000,234.498700000000014
99,211.349999999999994,60.250000000000000,-21.237600000000000,3.921800000000000,235.975300000000004
100,211.400000000000006,60.200000000000003,-20.824300000000001,3.747300000000000,237.325999999999993
101,211.449999999999989,60.200000000000003,-20.728700000000000,3.670600000000000,238.036499999999990
102,211.449999999999989,60.149999999999999,-20.429700000000000,3.551200000000000,238.531200000000013
103,211.500000000000000,60.149999999999999,-20.341999999999999,3.477500000000000,239.095699999999994
104,211.500000000000000,60.100000000000001,-20.056899999999999,3.332900000000000,239.558500000000009
105,211.550000000000011,60.100000000000001,-19.976700000000001,3.263700000000000,239.941599999999994
106,211.550000000000011,60.049999999999997,-19.708300000000001,3.096600000000000,240.340100000000007
107,211.599999999999994,60.049999999999997,-19.635100000000001,3.034900000000000,240.467800000000011
108,211.650000000000006,60.000000000000000,-19.318700000000000,2.801200000000000,240.505500000000012
109,211.699999999999989,59.950000000000003,-19.027400000000000,2.576600000000000,239.817700000000002
110,211.750000000000000,59.950000000000003,-18.963699999999999,2.560700000000000,238.478100000000012
111,211.750000000000000,59.899999999999999,-18.759599999999999,2.377800000000000,238.125400000000013
112,211.800000000000011,59.899999999999999,-18.696999999999999,2.389200000000000,236.090599999999995
113,211.800000000000011,59.850000000000001,-18.512200000000000,2.222700000000000,235.197000000000003
114,211.849999999999994,59.850000000000001,-18.448000000000000,2.268400000000000,232.477100000000007
115,211.849999999999994,59.799999999999997,-18.280500000000000,2.129000000000000,231.006599999999992
116,211.900000000000006,59.799999999999997,-18.211800000000000,2.214400000000000,227.794499999999999
117,211.949999999999989,59.750000000000000,-17.983100000000000,2.236500000000000,222.532600000000002
118,212.000000000000000,59.700000000000003,-17.756100000000000,2.333300000000000,217.350799999999992
119,212.050000000000011,59.649999999999999,-17.525700000000001,2.491800000000000,212.783600000000007
120,212.099999999999994,59.649999999999999,-17.417400000000001,2.692100000000000,210.467899999999986
121,212.099999999999994,59.600000000000001,-17.288100000000000,2.690900000000000,209.069500000000005
122,212.150000000000006,59.600000000000001,-17.166899999999998,2.897900000000000,207.216800000000006
123,212.150000000000006,59.549999999999997,-17.040600000000001,2.907000000000000,206.192100000000011
124,212.199999999999989,59.549999999999997,-16.906800000000000,3.108800000000000,204.706700000000012
125,212.250000000000000,59.500000000000000,-16.636900000000001,3.306000000000000,202.788999999999987
126,212.300000000000011,59.450000000000003,-16.358100000000000,3.476700000000000,201.320600000000013
127,212.349999999999994,59.399999999999999,-16.072099999999999,3.615700000000000,200.194899999999990
128,212.400000000000006,59.399999999999999,-15.900700000000001,3.742900000000000,199.438500000000005
129,212.400000000000006,59.350000000000001,-15.780600000000000,3.725100000000000,199.348000000000013
130,212.449999999999989,59.350000000000001,-15.603300000000001,3.833400000000000,198.670099999999991
131,212.449999999999989,59.299999999999997,-15.484500000000001,3.813000000000000,198.753399999999999
132,212.500000000000000,59.299999999999997,-15.302600000000000,3.908000000000000,198.146700000000010
133,212.550000000000011,59.250000000000000,-14.998200000000001,3.979300000000000,197.875799999999998
134,212.599999999999994,59.200000000000003,-14.688499999999999,4.059400000000000,197.866199999999992
135,212.650000000000006,59.149999999999999,-14.371100000000000,4.157900000000000,198.111899999999991
136,212.699999999999989,59.149999999999999,-14.171900000000001,4.238900000000000,197.914800000000014
137,212.699999999999989,59.100000000000001,-14.042700000000000,4.280300000000000,198.582799999999992
138,212.750000000000000,59.100000000000001,-13.837800000000000,4.367000000000000,198.462299999999999
139,212.750000000000000,59.049999999999997,-13.700100000000001,4.427000000000000,199.225699999999989
140,212.800000000000011,59.049999999999997,-13.488700000000000,4.518500000000000,199.167499999999990
141,212.849999999999994,59.000000000000000,-13.122000000000000,4.687300000000000,199.960599999999999
142,212.900000000000006,58.950000000000003,-12.735900000000001,4.864200000000000,200.774799999999999
143,212.949999999999989,58.899999999999999,-12.330000000000000,5.037700000000000,201.555299999999988
144,213.000000000000000,58.899999999999999,-12.092900000000000,5.105100000000000,201.732900000000001
145,213.000000000000000,58.850000000000001,-11.905200000000001,5.195700000000000,202.263800000000003
146,213.050000000000011,58.850000000000001,-11.661799999999999,5.249200000000000,202.445200000000000
147,213.050000000000011,58.799999999999997,-11.463500000000000,5.326400000000000,202.877999999999986
148,213.099999999999994,58.799999999999997,-11.215199999999999,5.360900000000000,203.061599999999999
149,213.099999999999994,58.750000000000000,-11.008100000000001,5.419000000000000,203.389199999999988
150,213.150000000000006,58.750000000000000,-10.756600000000001,5.430300000000000,203.576400000000007
151,213.199999999999989,58.700000000000003,-10.290900000000001,5.449000000000000,203.992899999999992
152,213.250000000000000,58.649999999999999,-9.823100000000000,5.411200000000000,204.319500000000005
153,213.300000000000011,58.600000000000001,-9.359100000000000,5.313700000000000,204.567800000000005
154,213.349999999999994,58.600000000000001,-9.116400000000001,5.213000000000000,204.908400000000000
155,213.349999999999994,58.549999999999997,-8.904400000000001,5.156300000000000,204.750200000000007
156,213.400000000000006,58.549999999999997,-8.669800000000000,5.026000000000000,205.107499999999987
157,213.400000000000006,58.500000000000000,-8.464800000000000,4.941400000000000,204.878299999999996