Lon, Lat, Depth
Alu Index 1
Center: [-159.65, 54.40, 20.3627]
Strike: 239.0902
Dip: 12.8321
[-160.60, 53.46, 7.1950]
[-157.78, 54.45, 7.1950]
[-158.70, 55.34, 33.5304]
[-161.52, 54.35, 33.5304]
[-160.60, 53.46, 7.1950], [-157.78, 54.45, 7.1950], [-158.70, 55.34, 33.5304], [-161.52, 54.35, 33.5304], [-160.60, 53.46, 7.1950]

Alu Index 2
Center: [-158.25, 54.80, 19.7347]
Strike: 240.17
Dip: 11.5378
[-159.24, 53.86, 7.8762]
[-156.36, 54.82, 7.8762]
[-157.26, 55.74, 31.5932]
[-160.14, 54.78, 31.5932]
[-159.24, 53.86, 7.8762], [-156.36, 54.82, 7.8762], [-157.26, 55.74, 31.5932], [-160.14, 54.78, 31.5932], [-159.24, 53.86, 7.8762]

Alu Index 3
Center: [-157.10, 55.40, 20.2085]
Strike: 231.1236
Dip: 9.0951
[-157.83, 54.38, 10.8366]
[-155.21, 55.59, 10.8366]
[-156.37, 56.42, 29.5804]
[-158.99, 55.21, 29.5804]
[-157.83, 54.38, 10.8366], [-155.21, 55.59, 10.8366], [-156.37, 56.42, 29.5804], [-158.99, 55.21, 29.5804], [-157.83, 54.38, 10.8366]

Alu Index 4
Center: [-155.85, 55.95, 20.0041]
Strike: 229.6511
Dip: 9.469
[-156.55, 54.92, 10.2503]
[-153.94, 56.17, 10.2503]
[-155.15, 56.98, 29.7579]
[-157.76, 55.73, 29.7579]
[-156.55, 54.92, 10.2503], [-153.94, 56.17, 10.2503], [-155.15, 56.98, 29.7579], [-157.76, 55.73, 29.7579], [-156.55, 54.92, 10.2503]

Alu Index 5
Center: [-154.50, 56.40, 20.1873]
Strike: 246.105
Dip: 8.2092
[-155.70, 55.52, 11.7216]
[-152.53, 56.31, 11.7216]
[-153.30, 57.28, 28.6530]
[-156.47, 56.49, 28.6530]
[-155.70, 55.52, 11.7216], [-152.53, 56.31, 11.7216], [-153.30, 57.28, 28.6530], [-156.47, 56.49, 28.6530], [-155.70, 55.52, 11.7216]

Alu Index 6
Center: [-153.15, 56.90, 19.9682]
Strike: 240.7031
Dip: 6.1094
[-154.21, 55.96, 13.6583]
[-151.15, 56.91, 13.6583]
[-152.09, 57.84, 26.2781]
[-155.15, 56.89, 26.2781]
[-154.21, 55.96, 13.6583], [-151.15, 56.91, 13.6583], [-152.09, 57.84, 26.2781], [-155.15, 56.89, 26.2781], [-154.21, 55.96, 13.6583]

Alu Index 7
Center: [-151.85, 57.45, 19.7990]
Strike: 210.696
Dip: 7.3048
[-151.91, 56.35, 12.2606]
[-150.10, 58.01, 12.2606]
[-151.79, 58.55, 27.3374]
[-153.60, 56.89, 27.3374]
[-151.91, 56.35, 12.2606], [-150.10, 58.01, 12.2606], [-151.79, 58.55, 27.3374], [-153.60, 56.89, 27.3374], [-151.91, 56.35, 12.2606]

Alu Index 8
Center: [-150.70, 58.10, 20.0801]
Strike: 228.0271
Dip: 6.1816
[-151.38, 57.06, 13.6959]
[-148.68, 58.35, 13.6959]
[-150.02, 59.14, 26.4643]
[-152.72, 57.85, 26.4643]
[-151.38, 57.06, 13.6959], [-148.68, 58.35, 13.6959], [-150.02, 59.14, 26.4643], [-152.72, 57.85, 26.4643], [-151.38, 57.06, 13.6959]

Alu Index 9
Center: [-149.90, 58.90, 19.9182]
Strike: 185.9321
Dip: 6.0759
[-149.07, 57.89, 13.6428]
[-148.69, 59.80, 13.6428]
[-150.73, 59.91, 26.1936]
[-151.11, 58.00, 26.1936]
[-149.07, 57.89, 13.6428], [-148.69, 59.80, 13.6428], [-150.73, 59.91, 26.1936], [-151.11, 58.00, 26.1936], [-149.07, 57.89, 13.6428]

Alu Index 10
Center: [-149.65, 59.80, 20.1236]
Strike: 236.3097
Dip: 4.1342
[-150.65, 58.82, 15.8493]
[-147.48, 59.89, 15.8493]
[-148.65, 60.78, 24.3979]
[-151.82, 59.71, 24.3979]
[-150.65, 58.82, 15.8493], [-147.48, 59.89, 15.8493], [-148.65, 60.78, 24.3979], [-151.82, 59.71, 24.3979], [-150.65, 58.82, 15.8493]

Alu Index 11
Center: [-148.05, 60.25, 20.0273]
Strike: 225.7923
Dip: 3.5298
[-148.69, 59.19, 16.3770]
[-145.92, 60.54, 16.3770]
[-147.41, 61.31, 23.6776]
[-150.18, 59.96, 23.6776]
[-148.69, 59.19, 16.3770], [-145.92, 60.54, 16.3770], [-147.41, 61.31, 23.6776], [-150.18, 59.96, 23.6776], [-148.69, 59.19, 16.3770]

Alu Index 12
Center: [-146.90, 60.95, 20.0478]
Strike: 234.0087
Dip: 2.4075
[-147.85, 59.95, 17.5573]
[-144.66, 61.08, 17.5573]
[-145.95, 61.95, 22.5383]
[-149.14, 60.82, 22.5383]
[-147.85, 59.95, 17.5573], [-144.66, 61.08, 17.5573], [-145.95, 61.95, 22.5383], [-149.14, 60.82, 22.5383], [-147.85, 59.95, 17.5573]

Alu Index 13
Center: [-145.10, 61.00, 20.0668]
Strike: 262.1008
Dip: 5.1301
[-146.91, 60.34, 14.7654]
[-142.99, 60.60, 14.7654]
[-143.29, 61.66, 25.3682]
[-147.21, 61.40, 25.3682]
[-146.91, 60.34, 14.7654], [-142.99, 60.60, 14.7654], [-143.29, 61.66, 25.3682], [-147.21, 61.40, 25.3682], [-146.91, 60.34, 14.7654]

