Lon, Lat, Depth
CSE Index 1
Center: [-141.95, 60.58, 20.0000]
Strike: 270.0
Dip: 5.0
[-144.26, 60.19, 16.1914]
[-139.64, 60.19, 16.1914]
[-139.64, 60.97, 23.8086]
[-144.26, 60.97, 23.8086]
[-144.26, 60.19, 16.1914], [-139.64, 60.19, 16.1914], [-139.64, 60.97, 23.8086], [-144.26, 60.97, 23.8086], [-144.26, 60.19, 16.1914]

CSE Index 2
Center: [-140.24, 60.39, 20.0000]
Strike: 290.0
Dip: 5.0
[-142.67, 60.41, 16.1914]
[-138.35, 59.63, 16.1914]
[-137.81, 60.37, 23.8086]
[-142.13, 61.15, 23.8086]
[-142.67, 60.41, 16.1914], [-138.35, 59.63, 16.1914], [-137.81, 60.37, 23.8086], [-142.13, 61.15, 23.8086], [-142.67, 60.41, 16.1914]

