Lon, Lat, Depth
QCF Index 1
Center: [-138.91, 59.78, 20.0000]
Strike: 320.0
Dip: 90.0
[-140.42, 60.69, 3.6330]
[-137.40, 58.87, 3.6330]
[-137.40, 58.87, 36.3670]
[-140.42, 60.69, 36.3670]
[-140.42, 60.69, 3.6330], [-137.40, 58.87, 3.6330], [-137.40, 58.87, 36.3670], [-140.42, 60.69, 36.3670], [-140.42, 60.69, 3.6330]

QCF Index 2
Center: [-137.86, 59.10, 20.0000]
Strike: 334.0
Dip: 90.0
[-138.87, 60.17, 3.6330]
[-136.85, 58.03, 3.6330]
[-136.85, 58.03, 36.3670]
[-138.87, 60.17, 36.3670]
[-138.87, 60.17, 3.6330], [-136.85, 58.03, 3.6330], [-136.85, 58.03, 36.3670], [-138.87, 60.17, 36.3670], [-138.87, 60.17, 3.6330]

QCF Index 3
Center: [-136.99, 58.29, 20.0000]
Strike: 330.0
Dip: 90.0
[-138.11, 59.32, 3.6330]
[-135.87, 57.26, 3.6330]
[-135.87, 57.26, 36.3670]
[-138.11, 59.32, 36.3670]
[-138.11, 59.32, 3.6330], [-135.87, 57.26, 3.6330], [-135.87, 57.26, 36.3670], [-138.11, 59.32, 36.3670], [-138.11, 59.32, 3.6330]

QCF Index 4
Center: [-136.38, 57.45, 20.0000]
Strike: 345.0
Dip: 90.0
[-136.95, 58.60, 3.6330]
[-135.81, 56.30, 3.6330]
[-135.81, 56.30, 36.3670]
[-136.95, 58.60, 36.3670]
[-136.95, 58.60, 3.6330], [-135.81, 56.30, 3.6330], [-135.81, 56.30, 36.3670], [-136.95, 58.60, 36.3670], [-136.95, 58.60, 3.6330]

QCF Index 5
Center: [-135.87, 56.60, 20.0000]
Strike: 336.0
Dip: 90.0
[-136.74, 57.68, 3.6330]
[-135.00, 55.52, 3.6330]
[-135.00, 55.52, 36.3670]
[-136.74, 57.68, 36.3670]
[-136.74, 57.68, 3.6330], [-135.00, 55.52, 3.6330], [-135.00, 55.52, 36.3670], [-136.74, 57.68, 36.3670], [-136.74, 57.68, 3.6330]

QCF Index 6
Center: [-135.14, 55.80, 20.0000]
Strike: 332.0
Dip: 90.0
[-136.12, 56.85, 3.6330]
[-134.16, 54.75, 3.6330]
[-134.16, 54.75, 36.3670]
[-136.12, 56.85, 36.3670]
[-136.12, 56.85, 3.6330], [-134.16, 54.75, 3.6330], [-134.16, 54.75, 36.3670], [-136.12, 56.85, 36.3670], [-136.12, 56.85, 3.6330]

QCF Index 7
Center: [-134.40, 55.01, 20.0000]
Strike: 333.0
Dip: 90.0
[-135.33, 56.07, 3.6330]
[-133.47, 53.95, 3.6330]
[-133.47, 53.95, 36.3670]
[-135.33, 56.07, 36.3670]
[-135.33, 56.07, 3.6330], [-133.47, 53.95, 3.6330], [-133.47, 53.95, 36.3670], [-135.33, 56.07, 36.3670], [-135.33, 56.07, 3.6330]

QCF Index 8
Center: [-133.72, 54.20, 20.0000]
Strike: 335.0
Dip: 90.0
[-134.57, 55.28, 3.6330]
[-132.87, 53.12, 3.6330]
[-132.87, 53.12, 36.3670]
[-134.57, 55.28, 36.3670]
[-134.57, 55.28, 3.6330], [-132.87, 53.12, 3.6330], [-132.87, 53.12, 36.3670], [-134.57, 55.28, 36.3670], [-134.57, 55.28, 3.6330]

QCF Index 9
Center: [-133.12, 53.37, 20.0000]
Strike: 332.0
Dip: 90.0
[-134.05, 54.42, 3.6330]
[-132.19, 52.32, 3.6330]
[-132.19, 52.32, 36.3670]
[-134.05, 54.42, 36.3670]
[-134.05, 54.42, 3.6330], [-132.19, 52.32, 3.6330], [-132.19, 52.32, 36.3670], [-134.05, 54.42, 36.3670], [-134.05, 54.42, 3.6330]

QCF Index 10
Center: [-132.13, 52.70, 20.0000]
Strike: 321.0
Dip: 90.0
[-133.35, 53.62, 3.6330]
[-130.91, 51.78, 3.6330]
[-130.91, 51.78, 36.3670]
[-133.35, 53.62, 36.3670]
[-133.35, 53.62, 3.6330], [-130.91, 51.78, 3.6330], [-130.91, 51.78, 36.3670], [-133.35, 53.62, 36.3670], [-133.35, 53.62, 3.6330]

