Lon, Lat, Depth
Alu Index 1
Center: [-159.65, 54.40, 20.3627]
Strike: 239.0902
Dip: 12.8321
[-160.56, 53.41, 5.9426]
[-157.74, 54.40, 5.9426]
[-158.74, 55.39, 34.7828]
[-161.56, 54.40, 34.7828]
[-160.56, 53.41, 5.9426], [-157.74, 54.40, 5.9426], [-158.74, 55.39, 34.7828], [-161.56, 54.40, 34.7828], [-160.56, 53.41, 5.9426]

Alu Index 2
Center: [-158.25, 54.80, 19.7347]
Strike: 240.17
Dip: 11.5378
[-159.20, 53.82, 6.7482]
[-156.32, 54.78, 6.7482]
[-157.30, 55.78, 32.7212]
[-160.18, 54.82, 32.7212]
[-159.20, 53.82, 6.7482], [-156.32, 54.78, 6.7482], [-157.30, 55.78, 32.7212], [-160.18, 54.82, 32.7212], [-159.20, 53.82, 6.7482]

Alu Index 3
Center: [-157.10, 55.40, 20.2085]
Strike: 231.1236
Dip: 9.0951
[-157.78, 54.34, 9.9451]
[-155.15, 55.55, 9.9451]
[-156.42, 56.46, 30.4719]
[-159.05, 55.25, 30.4719]
[-157.78, 54.34, 9.9451], [-155.15, 55.55, 9.9451], [-156.42, 56.46, 30.4719], [-159.05, 55.25, 30.4719], [-157.78, 54.34, 9.9451]

Alu Index 4
Center: [-155.85, 55.95, 20.0041]
Strike: 229.6511
Dip: 9.469
[-156.49, 54.88, 9.3226]
[-153.88, 56.13, 9.3226]
[-155.21, 57.02, 30.6856]
[-157.82, 55.77, 30.6856]
[-156.49, 54.88, 9.3226], [-153.88, 56.13, 9.3226], [-155.21, 57.02, 30.6856], [-157.82, 55.77, 30.6856], [-156.49, 54.88, 9.3226]

Alu Index 5
Center: [-154.50, 56.40, 20.1873]
Strike: 246.105
Dip: 8.2092
[-155.66, 55.48, 10.9164]
[-152.49, 56.26, 10.9164]
[-153.34, 57.32, 29.4582]
[-156.51, 56.54, 29.4582]
[-155.66, 55.48, 10.9164], [-152.49, 56.26, 10.9164], [-153.34, 57.32, 29.4582], [-156.51, 56.54, 29.4582], [-155.66, 55.48, 10.9164]

Alu Index 6
Center: [-153.15, 56.90, 19.9682]
Strike: 240.7031
Dip: 6.1094
[-154.16, 55.92, 13.0581]
[-151.10, 56.86, 13.0581]
[-152.14, 57.88, 26.8783]
[-155.20, 56.94, 26.8783]
[-154.16, 55.92, 13.0581], [-151.10, 56.86, 13.0581], [-152.14, 57.88, 26.8783], [-155.20, 56.94, 26.8783], [-154.16, 55.92, 13.0581]

Alu Index 7
Center: [-151.85, 57.45, 19.7990]
Strike: 210.696
Dip: 7.3048
[-151.83, 56.32, 11.5436]
[-150.02, 57.98, 11.5436]
[-151.87, 58.58, 28.0544]
[-153.68, 56.92, 28.0544]
[-151.83, 56.32, 11.5436], [-150.02, 57.98, 11.5436], [-151.87, 58.58, 28.0544], [-153.68, 56.92, 28.0544], [-151.83, 56.32, 11.5436]

Alu Index 8
Center: [-150.70, 58.10, 20.0801]
Strike: 228.0271
Dip: 6.1816
[-151.31, 57.02, 13.0887]
[-148.62, 58.31, 13.0887]
[-150.09, 59.18, 27.0715]
[-152.78, 57.89, 27.0715]
[-151.31, 57.02, 13.0887], [-148.62, 58.31, 13.0887], [-150.09, 59.18, 27.0715], [-152.78, 57.89, 27.0715], [-151.31, 57.02, 13.0887]

Alu Index 9
Center: [-149.90, 58.90, 19.9182]
Strike: 185.9321
Dip: 6.0759
[-148.97, 57.88, 13.0459]
[-148.59, 59.80, 13.0459]
[-150.83, 59.92, 26.7905]
[-151.21, 58.00, 26.7905]
[-148.97, 57.88, 13.0459], [-148.59, 59.80, 13.0459], [-150.83, 59.92, 26.7905], [-151.21, 58.00, 26.7905], [-148.97, 57.88, 13.0459]

Alu Index 10
Center: [-149.65, 59.80, 20.1236]
Strike: 236.3097
Dip: 4.1342
[-150.59, 58.78, 15.4428]
[-147.42, 59.85, 15.4428]
[-148.71, 60.82, 24.8044]
[-151.88, 59.75, 24.8044]
[-150.59, 58.78, 15.4428], [-147.42, 59.85, 15.4428], [-148.71, 60.82, 24.8044], [-151.88, 59.75, 24.8044], [-150.59, 58.78, 15.4428]

Alu Index 11
Center: [-148.05, 60.25, 20.0273]
Strike: 225.7923
Dip: 3.5298
[-148.62, 59.16, 16.0299]
[-145.85, 60.50, 16.0299]
[-147.48, 61.34, 24.0247]
[-150.25, 60.00, 24.0247]
[-148.62, 59.16, 16.0299], [-145.85, 60.50, 16.0299], [-147.48, 61.34, 24.0247], [-150.25, 60.00, 24.0247], [-148.62, 59.16, 16.0299]

Alu Index 12
Center: [-146.90, 60.95, 20.0478]
Strike: 234.0087
Dip: 2.4075
[-147.79, 59.91, 17.3204]
[-144.60, 61.04, 17.3204]
[-146.01, 61.99, 22.7752]
[-149.20, 60.86, 22.7752]
[-147.79, 59.91, 17.3204], [-144.60, 61.04, 17.3204], [-146.01, 61.99, 22.7752], [-149.20, 60.86, 22.7752], [-147.79, 59.91, 17.3204]

Alu Index 13
Center: [-145.10, 61.00, 20.0668]
Strike: 262.1008
Dip: 5.1301
[-146.89, 60.29, 14.2611]
[-142.98, 60.55, 14.2611]
[-143.31, 61.71, 25.8725]
[-147.22, 61.45, 25.8725]
[-146.89, 60.29, 14.2611], [-142.98, 60.55, 14.2611], [-143.31, 61.71, 25.8725], [-147.22, 61.45, 25.8725], [-146.89, 60.29, 14.2611]

Alu Index 14
Center: [-143.30, 61.35, 19.9534]
Strike: 246.5504
Dip: 15.8771
[-144.67, 60.45, 2.1908]
[-141.00, 61.22, 2.1908]
[-141.93, 62.25, 37.7160]
[-145.60, 61.48, 37.7160]
[-144.67, 60.45, 2.1908], [-141.00, 61.22, 2.1908], [-141.93, 62.25, 37.7160], [-145.60, 61.48, 37.7160], [-144.67, 60.45, 2.1908]

