165.6500,55.7716,-20.0000
165.7000,55.7710,-20.0000
165.7500,55.7694,-20.0000
165.8000,55.7668,-20.0000
165.8500,55.7633,-20.0000
165.9000,55.7591,-20.0000
165.9500,55.7541,-20.0000
165.9866,55.7500,-20.0000
166.0000,55.7484,-20.0000
166.0500,55.7420,-20.0000
166.1000,55.7352,-20.0000
166.1500,55.7279,-20.0000
166.2000,55.7203,-20.0000
166.2500,55.7123,-20.0000
166.3000,55.7038,-20.0000
166.3212,55.7000,-20.0000
166.3500,55.6946,-20.0000
166.4000,55.6847,-20.0000
166.4500,55.6740,-20.0000
166.5000,55.6626,-20.0000
166.5500,55.6501,-20.0000
166.5505,55.6500,-20.0000
166.6000,55.6361,-20.0000
166.6500,55.6210,-20.0000
166.7000,55.6046,-20.0000
166.7129,55.6000,-20.0000
166.7500,55.5865,-20.0000
166.8000,55.5671,-20.0000
166.8413,55.5500,-20.0000
166.8500,55.5464,-20.0000
166.9000,55.5239,-20.0000
166.9500,55.5005,-20.0000
166.9511,55.5000,-20.0000
167.0000,55.4755,-20.0000
167.0498,55.4500,-20.0000
167.0500,55.4499,-20.0000
167.1000,55.4230,-20.0000
167.1421,55.4000,-20.0000
167.1500,55.3957,-20.0000