168.8626,54.4500,-20.0000
168.9000,54.4246,-20.0000
168.9370,54.4000,-20.0000
168.9500,54.3912,-20.0000
169.0000,54.3582,-20.0000
169.0128,54.3500,-20.0000
169.0500,54.3257,-20.0000
169.0907,54.3000,-20.0000
169.1000,54.2941,-20.0000
169.1500,54.2629,-20.0000
169.1711,54.2500,-20.0000
169.2000,54.2323,-20.0000
169.2500,54.2026,-20.0000
169.2544,54.2000,-20.0000
169.3000,54.1730,-20.0000
169.3401,54.1500,-20.0000
169.3500,54.1442,-20.0000
169.4000,54.1157,-20.0000
169.4280,54.1000,-20.0000
169.4500,54.0876,-20.0000
169.5000,54.0598,-20.0000
169.5179,54.0500,-20.0000
169.5500,54.0322,-20.0000
169.6000,54.0050,-20.0000
169.6093,54.0000,-20.0000
169.6500,53.9777,-20.0000
169.7000,53.9511,-20.0000
169.7021,53.9500,-20.0000
169.7500,53.9241,-20.0000
169.7959,53.9000,-20.0000
169.8000,53.8978,-20.0000
169.8500,53.8713,-20.0000
169.8911,53.8500,-20.0000
169.9000,53.8453,-20.0000
169.9500,53.8192,-20.0000
169.9877,53.8000,-20.0000
170.0000,53.7936,-20.0000
170.0500,53.7679,-20.0000
170.0858,53.7500,-20.0000
170.1000,53.7427,-20.0000
170.1500,53.7175,-20.0000
170.1856,53.7000,-20.0000
170.2000,53.6928,-20.0000
170.2500,53.6680,-20.0000
170.2875,53.6500,-20.0000
170.3000,53.6438,-20.0000
170.3500,53.6197,-20.0000
170.3924,53.6000,-20.0000
170.4000,53.5964,-20.0000
170.4500,53.5730,-20.0000
170.5000,53.5508,-20.0000
170.5019,53.5500,-20.0000
170.5500,53.5286,-20.0000
170.6000,53.5074,-20.0000
170.6182,53.5000,-20.0000
170.6500,53.4866,-20.0000
170.7000,53.4665,-20.0000
170.7428,53.4500,-20.0000
170.7500,53.4471,-20.0000
170.8000,53.4276,-20.0000
170.8500,53.4089,-20.0000
170.8741,53.4000,-20.0000
170.9000,53.3901,-20.0000
170.9500,53.3710,-20.0000
171.0000,53.3522,-20.0000
171.0056,53.3500,-20.0000
171.0500,53.3321,-20.0000
171.1000,53.3118,-20.0000
171.1283,53.3000,-20.0000
171.1500,53.2905,-20.0000
171.2000,53.2680,-20.0000
171.2390,53.2500,-20.0000
171.2500,53.2447,-20.0000
171.3000,53.2197,-20.0000
171.3387,53.2000,-20.0000
171.3500,53.1940,-20.0000
171.4000,53.1668,-20.0000
171.4304,53.1500,-20.0000
171.4500,53.1389,-20.0000
171.5000,53.1103,-20.0000
171.5177,53.1000,-20.0000
171.5500,53.0810,-20.0000
171.6000,53.0519,-20.0000
171.6033,53.0500,-20.0000
171.6500,53.0223,-20.0000
171.6886,53.0000,-20.0000
171.7000,52.9934,-20.0000
171.7500,52.9646,-20.0000
171.7760,52.9500,-20.0000
171.8000,52.9365,-20.0000
171.8500,52.9090,-20.0000
171.8669,52.9000,-20.0000
171.9000,52.8820,-20.0000
171.9500,52.8560,-20.0000
171.9618,52.8500,-20.0000
172.0000,52.8302,-20.0000
172.0500,52.8054,-20.0000
172.0612,52.8000,-20.0000
172.1000,52.7807,-20.0000
172.1500,52.7569,-20.0000
172.1648,52.7500,-20.0000
172.2000,52.7331,-20.0000
172.2500,52.7099,-20.0000
172.2719,52.7000,-20.0000
172.3000,52.6868,-20.0000
172.3500,52.6640,-20.0000
172.3815,52.6500,-20.0000
172.4000,52.6414,-20.0000
172.4500,52.6187,-20.0000
172.4926,52.6000,-20.0000
172.5000,52.5966,-20.0000
172.5500,52.5738,-20.0000
172.6000,52.5519,-20.0000
172.6043,52.5500,-20.0000
172.6500,52.5290,-20.0000
172.7000,52.5070,-20.0000
172.7163,52.5000,-20.0000
172.7500,52.4847,-20.0000
172.8000,52.4627,-20.0000
172.8297,52.4500,-20.0000
172.8500,52.4409,-20.0000
172.9000,52.4191,-20.0000
172.9460,52.4000,-20.0000
172.9500,52.3983,-20.0000
173.0000,52.3768,-20.0000
173.0500,52.3565,-20.0000
173.0663,52.3500,-20.0000
173.1000,52.3360,-20.0000
173.1500,52.3161,-20.0000
173.1921,52.3000,-20.0000
173.2000,52.2968,-20.0000
173.2500,52.2772,-20.0000
173.3000,52.2584,-20.0000
173.3230,52.2500,-20.0000
173.3500,52.2396,-20.0000
173.4000,52.2209,-20.0000
173.4500,52.2029,-20.0000
173.4581,52.2000,-20.0000
173.5000,52.1843,-20.0000
173.5500,52.1661,-20.0000
173.5958,52.1500,-20.0000
173.6000,52.1485,-20.0000
173.6500,52.1300,-20.0000
173.7000,52.1123,-20.0000
173.7354,52.1000,-20.0000
173.7500,52.0947,-20.0000
173.8000,52.0767,-20.0000
173.8500,52.0595,-20.0000
173.8784,52.0500,-20.0000
173.9000,52.0423,-20.0000
173.9500,52.0251,-20.0000
174.0000,52.0086,-20.0000
174.0269,52.0000,-20.0000
174.0500,51.9922,-20.0000
174.1000,51.9758,-20.0000
174.1500,51.9603,-20.0000
174.1845,51.9500,-20.0000
174.2000,51.9451,-20.0000
174.2500,51.9297,-20.0000
174.3000,51.9152,-20.0000
174.3500,51.9016,-20.0000
174.3559,51.9000,-20.0000
174.4000,51.8874,-20.0000
174.4500,51.8739,-20.0000
174.5000,51.8611,-20.0000
174.5457,51.8500,-20.0000
174.5500,51.8489,-20.0000
174.6000,51.8361,-20.0000
174.6500,51.8239,-20.0000
174.7000,51.8122,-20.0000
174.7500,51.8011,-20.0000
174.7548,51.8000,-20.0000
174.8000,51.7892,-20.0000
174.8500,51.7776,-20.0000
174.9000,51.7664,-20.0000
174.9500,51.7555,-20.0000
174.9755,51.7500,-20.0000
175.0000,51.7443,-20.0000
175.0500,51.7327,-20.0000
175.1000,51.7215,-20.0000
175.1500,51.7106,-20.0000
175.1997,51.7000,-20.0000
175.2000,51.6999,-20.0000
175.2500,51.6883,-20.0000
175.3000,51.6771,-20.0000
175.3500,51.6662,-20.0000
175.4000,51.6557,-20.0000
175.4279,51.6500,-20.0000
175.4500,51.6450,-20.0000
175.5000,51.6341,-20.0000
175.5500,51.6236,-20.0000
175.6000,51.6137,-20.0000
175.6500,51.6042,-20.0000
175.6727,51.6000,-20.0000
175.7000,51.5945,-20.0000
175.7500,51.5848,-20.0000
175.8000,51.5755,-20.0000
175.8500,51.5667,-20.0000
175.9000,51.5583,-20.0000
175.9500,51.5503,-20.0000
175.9520,51.5500,-20.0000
176.0000,51.5416,-20.0000
176.0500,51.5331,-20.0000
176.1000,51.5249,-20.0000
176.1500,51.5168,-20.0000
176.2000,51.5088,-20.0000
176.2500,51.5007,-20.0000
176.2545,51.5000,-20.0000
176.3000,51.4917,-20.0000
176.3500,51.4825,-20.0000
176.4000,51.4732,-20.0000
176.4500,51.4638,-20.0000
176.5000,51.4542,-20.0000
176.5215,51.4500,-20.0000
176.5500,51.4438,-20.0000
176.6000,51.4329,-20.0000
176.6500,51.4220,-20.0000
176.7000,51.4111,-20.0000
176.7500,51.4004,-20.0000
176.7519,51.4000,-20.0000
176.8000,51.3887,-20.0000
176.8500,51.3772,-20.0000
176.9000,51.3661,-20.0000
176.9500,51.3554,-20.0000
176.9758,51.3500,-20.0000
177.0000,51.3445,-20.0000
177.0500,51.3334,-20.0000
177.1000,51.3228,-20.0000
177.1500,51.3127,-20.0000
177.2000,51.3029,-20.0000
177.2153,51.3000,-20.0000
177.2500,51.2927,-20.0000
177.3000,51.2826,-20.0000
177.3500,51.2728,-20.0000
177.4000,51.2633,-20.0000
177.4500,51.2540,-20.0000
177.4720,51.2500,-20.0000
177.5000,51.2444,-20.0000
177.5500,51.2345,-20.0000
177.6000,51.2250,-20.0000
177.6500,51.2157,-20.0000
177.7000,51.2066,-20.0000
177.7377,51.2000,-20.0000
177.7500,51.1976,-20.0000
177.8000,51.1882,-20.0000
177.8500,51.1792,-20.0000
177.9000,51.1705,-20.0000
177.9500,51.1623,-20.0000
178.0000,51.1545,-20.0000
178.0306,51.1500,-20.0000
178.0500,51.1468,-20.0000
178.1000,51.1391,-20.0000
178.1500,51.1318,-20.0000
178.2000,51.1250,-20.0000
178.2500,51.1186,-20.0000
178.3000,51.1127,-20.0000
178.3500,51.1071,-20.0000
178.4000,51.1020,-20.0000
178.4200,51.1000,-20.0000
178.4500,51.0967,-20.0000
178.5000,51.0916,-20.0000
178.5500,51.0868,-20.0000
178.6000,51.0823,-20.0000
178.6500,51.0780,-20.0000
178.7000,51.0739,-20.0000
178.7500,51.0700,-20.0000
178.8000,51.0663,-20.0000
178.8500,51.0628,-20.0000
178.9000,51.0594,-20.0000
178.9500,51.0561,-20.0000
179.0000,51.0530,-20.0000
179.0500,51.0500,-20.0000
179.0502,51.0500,-20.0000
179.1000,51.0468,-20.0000
179.1500,51.0437,-20.0000
179.2000,51.0408,-20.0000
179.2500,51.0380,-20.0000
179.3000,51.0354,-20.0000
179.3500,51.0330,-20.0000
179.4000,51.0307,-20.0000
179.4500,51.0286,-20.0000
179.5000,51.0267,-20.0000
179.5500,51.0249,-20.0000
179.6000,51.0233,-20.0000
179.6500,51.0219,-20.0000
179.7000,51.0206,-20.0000
179.7500,51.0194,-20.0000
179.8000,51.0183,-20.0000
179.8500,51.0174,-20.0000
179.9000,51.0165,-20.0000
179.9500,51.0157,-20.0000
180.0000,51.0151,-20.0000
180.0500,51.0145,-20.0000
180.1000,51.0140,-20.0000
180.1500,51.0136,-20.0000
180.2000,51.0133,-20.0000
180.2500,51.0131,-20.0000
180.3000,51.0131,-20.0000
180.3500,51.0133,-20.0000
180.4000,51.0137,-20.0000
180.4500,51.0143,-20.0000
180.5000,51.0151,-20.0000
180.5500,51.0161,-20.0000
180.6000,51.0174,-20.0000
180.6500,51.0189,-20.0000
180.7000,51.0206,-20.0000
180.7500,51.0225,-20.0000
180.8000,51.0246,-20.0000
180.8500,51.0268,-20.0000
180.9000,51.0292,-20.0000
180.9500,51.0316,-20.0000
181.0000,51.0342,-20.0000
181.0500,51.0367,-20.0000
181.1000,51.0393,-20.0000
181.1500,51.0418,-20.0000
181.2000,51.0444,-20.0000
181.2500,51.0469,-20.0000
181.3000,51.0493,-20.0000
181.3156,51.0500,-20.0000
181.3500,51.0515,-20.0000
181.4000,51.0535,-20.0000
181.4500,51.0556,-20.0000
181.5000,51.0575,-20.0000
181.5500,51.0594,-20.0000
181.6000,51.0611,-20.0000
181.6500,51.0629,-20.0000
181.7000,51.0645,-20.0000
181.7500,51.0660,-20.0000
181.8000,51.0674,-20.0000
181.8500,51.0687,-20.0000
181.9000,51.0698,-20.0000
181.9500,51.0707,-20.0000
182.0000,51.0715,-20.0000
182.0500,51.0720,-20.0000
182.1000,51.0723,-20.0000
182.1500,51.0725,-20.0000
182.2000,51.0725,-20.0000
182.2500,51.0723,-20.0000
182.3000,51.0720,-20.0000
182.3500,51.0717,-20.0000
182.4000,51.0714,-20.0000
182.4500,51.0712,-20.0000
182.5000,51.0712,-20.0000
182.5500,51.0714,-20.0000
182.6000,51.0720,-20.0000
182.6500,51.0730,-20.0000
182.7000,51.0745,-20.0000
182.7500,51.0766,-20.0000
182.8000,51.0792,-20.0000
182.8500,51.0825,-20.0000
182.9000,51.0864,-20.0000
182.9500,51.0909,-20.0000
183.0000,51.0959,-20.0000
183.0369,51.1000,-20.0000
183.0500,51.1013,-20.0000
183.1000,51.1068,-20.0000
183.1500,51.1126,-20.0000
183.2000,51.1186,-20.0000
183.2500,51.1248,-20.0000
183.3000,51.1311,-20.0000
183.3500,51.1373,-20.0000
183.4000,51.1435,-20.0000
183.4500,51.1495,-20.0000
183.4546,51.1500,-20.0000
183.5000,51.1548,-20.0000
183.5500,51.1599,-20.0000
183.6000,51.1648,-20.0000
183.6500,51.1694,-20.0000
183.7000,51.1739,-20.0000
183.7500,51.1781,-20.0000
183.8000,51.1822,-20.0000
183.8500,51.1861,-20.0000
183.9000,51.1898,-20.0000
183.9500,51.1935,-20.0000
184.0000,51.1970,-20.0000
184.0438,51.2000,-20.0000
184.0500,51.2004,-20.0000
184.1000,51.2034,-20.0000
184.1500,51.2064,-20.0000
184.2000,51.2094,-20.0000
184.2500,51.2123,-20.0000
184.3000,51.2152,-20.0000
184.3500,51.2182,-20.0000
184.4000,51.2212,-20.0000
184.4500,51.2242,-20.0000
184.5000,51.2273,-20.0000
184.5500,51.2306,-20.0000
184.6000,51.2339,-20.0000
184.6500,51.2375,-20.0000
184.7000,51.2413,-20.0000
184.7500,51.2454,-20.0000
184.8000,51.2497,-20.0000
184.8037,51.2500,-20.0000
184.8500,51.2538,-20.0000
184.9000,51.2582,-20.0000
184.9500,51.2627,-20.0000
185.0000,51.2674,-20.0000
185.0500,51.2722,-20.0000
185.1000,51.2769,-20.0000
185.1500,51.2816,-20.0000
185.2000,51.2861,-20.0000
185.2500,51.2903,-20.0000
185.3000,51.2941,-20.0000
185.3500,51.2973,-20.0000
185.4000,51.2998,-20.0000
185.4048,51.3000,-20.0000
185.4500,51.3014,-20.0000
185.5000,51.3022,-20.0000
185.5500,51.3022,-20.0000
185.6000,51.3012,-20.0000
185.6349,51.3000,-20.0000
185.6500,51.2994,-20.0000
185.7000,51.2965,-20.0000
185.7500,51.2928,-20.0000
185.8000,51.2883,-20.0000
185.8500,51.2833,-20.0000
185.9000,51.2779,-20.0000
185.9500,51.2722,-20.0000
186.0000,51.2665,-20.0000
186.0500,51.2609,-20.0000
186.1000,51.2556,-20.0000
186.1500,51.2507,-20.0000
186.1587,51.2500,-20.0000
186.2000,51.2462,-20.0000
186.2500,51.2423,-20.0000
186.3000,51.2393,-20.0000
186.3500,51.2372,-20.0000
186.4000,51.2361,-20.0000
186.4500,51.2358,-20.0000
186.5000,51.2365,-20.0000
186.5500,51.2380,-20.0000
186.6000,51.2404,-20.0000
186.6500,51.2435,-20.0000
186.7000,51.2473,-20.0000
186.7306,51.2500,-20.0000
186.7500,51.2516,-20.0000
186.8000,51.2562,-20.0000
186.8500,51.2612,-20.0000
186.9000,51.2666,-20.0000
186.9500,51.2723,-20.0000
187.0000,51.2783,-20.0000
187.0500,51.2845,-20.0000
187.1000,51.2910,-20.0000
187.1500,51.2978,-20.0000
187.1658,51.3000,-20.0000
187.2000,51.3045,-20.0000
187.2500,51.3113,-20.0000
187.3000,51.3184,-20.0000
187.3500,51.3257,-20.0000
187.4000,51.3334,-20.0000
187.4500,51.3414,-20.0000
187.5000,51.3497,-20.0000
187.5016,51.3500,-20.0000
187.5500,51.3578,-20.0000
187.6000,51.3662,-20.0000
187.6500,51.3749,-20.0000
187.7000,51.3839,-20.0000
187.7500,51.3933,-20.0000
187.7851,51.4000,-20.0000
187.8000,51.4027,-20.0000
187.8500,51.4120,-20.0000
187.9000,51.4217,-20.0000
187.9500,51.4317,-20.0000
188.0000,51.4421,-20.0000
188.0363,51.4500,-20.0000
188.0500,51.4528,-20.0000
188.1000,51.4634,-20.0000
188.1500,51.4746,-20.0000
188.2000,51.4864,-20.0000
188.2500,51.4989,-20.0000
188.2542,51.5000,-20.0000
188.3000,51.5113,-20.0000
188.3500,51.5245,-20.0000
188.4000,51.5385,-20.0000
188.4387,51.5500,-20.0000
188.4500,51.5532,-20.0000
188.5000,51.5680,-20.0000
188.5500,51.5839,-20.0000
188.5977,51.6000,-20.0000
188.6000,51.6007,-20.0000
188.6500,51.6174,-20.0000
188.7000,51.6351,-20.0000
188.7402,51.6500,-20.0000
188.7500,51.6535,-20.0000
188.8000,51.6716,-20.0000
188.8500,51.6906,-20.0000
188.8740,51.7000,-20.0000
188.9000,51.7096,-20.0000
188.9500,51.7284,-20.0000
189.0000,51.7477,-20.0000
189.0059,51.7500,-20.0000
189.0500,51.7660,-20.0000
189.1000,51.7844,-20.0000
189.1421,51.8000,-20.0000
189.1500,51.8027,-20.0000
189.2000,51.8198,-20.0000
189.2500,51.8369,-20.0000
189.2880,51.8500,-20.0000
189.3000,51.8538,-20.0000
189.3500,51.8695,-20.0000
189.4000,51.8852,-20.0000
189.4466,51.9000,-20.0000
189.4500,51.9010,-20.0000
189.5000,51.9154,-20.0000
189.5500,51.9300,-20.0000
189.6000,51.9449,-20.0000
189.6172,51.9500,-20.0000
189.6500,51.9590,-20.0000
189.7000,51.9729,-20.0000
189.7500,51.9870,-20.0000
189.7947,52.0000,-20.0000
189.8000,52.0014,-20.0000
189.8500,52.0148,-20.0000
189.9000,52.0285,-20.0000
189.9500,52.0426,-20.0000
189.9760,52.0500,-20.0000
190.0000,52.0563,-20.0000
190.0500,52.0696,-20.0000
190.1000,52.0831,-20.0000
190.1500,52.0970,-20.0000
190.1608,52.1000,-20.0000
190.2000,52.1100,-20.0000
190.2500,52.1229,-20.0000
190.3000,52.1361,-20.0000
190.3500,52.1495,-20.0000
190.3518,52.1500,-20.0000
190.4000,52.1618,-20.0000
190.4500,52.1743,-20.0000
190.5000,52.1871,-20.0000
190.5498,52.2000,-20.0000
190.5500,52.2001,-20.0000
190.6000,52.2120,-20.0000
190.6500,52.2241,-20.0000
190.7000,52.2366,-20.0000
190.7500,52.2493,-20.0000
190.7527,52.2500,-20.0000
190.8000,52.2610,-20.0000
190.8500,52.2729,-20.0000
190.9000,52.2848,-20.0000
190.9500,52.2969,-20.0000
190.9633,52.3000,-20.0000
191.0000,52.3080,-20.0000
191.0500,52.3187,-20.0000
191.1000,52.3292,-20.0000
191.1500,52.3393,-20.0000
191.2000,52.3489,-20.0000
191.2064,52.3500,-20.0000
191.2500,52.3572,-20.0000
191.3000,52.3647,-20.0000
191.3500,52.3717,-20.0000
191.4000,52.3779,-20.0000
191.4500,52.3835,-20.0000
191.5000,52.3885,-20.0000
191.5500,52.3929,-20.0000
191.6000,52.3969,-20.0000
191.6411,52.4000,-20.0000
191.6500,52.4006,-20.0000
191.7000,52.4040,-20.0000
191.7500,52.4074,-20.0000
191.8000,52.4111,-20.0000
191.8500,52.4152,-20.0000
191.9000,52.4197,-20.0000
191.9500,52.4249,-20.0000
192.0000,52.4309,-20.0000
192.0500,52.4376,-20.0000
192.1000,52.4451,-20.0000
192.1298,52.4500,-20.0000
192.1500,52.4532,-20.0000
192.2000,52.4618,-20.0000
192.2500,52.4711,-20.0000
192.3000,52.4811,-20.0000
192.3500,52.4917,-20.0000
192.3877,52.5000,-20.0000
192.4000,52.5026,-20.0000
192.4500,52.5135,-20.0000
192.5000,52.5248,-20.0000
192.5500,52.5363,-20.0000
192.6000,52.5480,-20.0000
192.6083,52.5500,-20.0000
192.6500,52.5595,-20.0000
192.7000,52.5711,-20.0000
192.7500,52.5828,-20.0000
192.8000,52.5947,-20.0000
192.8223,52.6000,-20.0000
192.8500,52.6064,-20.0000
192.9000,52.6181,-20.0000
192.9500,52.6300,-20.0000
193.0000,52.6421,-20.0000
193.0324,52.6500,-20.0000
193.0500,52.6542,-20.0000
193.1000,52.6661,-20.0000
193.1500,52.6783,-20.0000
193.2000,52.6907,-20.0000
193.2369,52.7000,-20.0000
193.2500,52.7032,-20.0000
193.3000,52.7155,-20.0000
193.3500,52.7280,-20.0000
193.4000,52.7407,-20.0000
193.4361,52.7500,-20.0000
193.4500,52.7535,-20.0000
193.5000,52.7661,-20.0000
193.5500,52.7788,-20.0000
193.6000,52.7916,-20.0000
193.6324,52.8000,-20.0000
193.6500,52.8044,-20.0000
193.7000,52.8170,-20.0000
193.7500,52.8296,-20.0000
193.8000,52.8421,-20.0000
193.8318,52.8500,-20.0000
193.8500,52.8544,-20.0000
193.9000,52.8663,-20.0000
193.9500,52.8779,-20.0000
194.0000,52.8893,-20.0000
194.0485,52.9000,-20.0000
194.0500,52.9003,-20.0000
194.1000,52.9108,-20.0000
194.1500,52.9209,-20.0000
194.2000,52.9306,-20.0000
194.2500,52.9401,-20.0000
194.3000,52.9493,-20.0000
194.3041,52.9500,-20.0000
194.3500,52.9581,-20.0000
194.4000,52.9668,-20.0000
194.4500,52.9755,-20.0000
194.5000,52.9841,-20.0000
194.5500,52.9928,-20.0000
194.5906,53.0000,-20.0000
194.6000,53.0016,-20.0000
194.6500,53.0106,-20.0000
194.7000,53.0198,-20.0000
194.7500,53.0293,-20.0000
194.8000,53.0390,-20.0000
194.8500,53.0491,-20.0000
194.8542,53.0500,-20.0000
194.9000,53.0595,-20.0000
194.9500,53.0702,-20.0000
195.0000,53.0812,-20.0000
195.0500,53.0926,-20.0000
195.0818,53.1000,-20.0000
195.1000,53.1042,-20.0000
195.1500,53.1162,-20.0000
195.2000,53.1283,-20.0000
195.2500,53.1407,-20.0000
195.2870,53.1500,-20.0000
195.3000,53.1533,-20.0000
195.3500,53.1660,-20.0000
195.4000,53.1788,-20.0000
195.4500,53.1916,-20.0000
195.4824,53.2000,-20.0000
195.5000,53.2045,-20.0000
195.5500,53.2174,-20.0000
195.6000,53.2302,-20.0000
195.6500,53.2430,-20.0000
195.6774,53.2500,-20.0000
195.7000,53.2557,-20.0000
195.7500,53.2683,-20.0000
195.8000,53.2808,-20.0000
195.8500,53.2932,-20.0000
195.8773,53.3000,-20.0000
195.9000,53.3056,-20.0000
195.9500,53.3178,-20.0000
196.0000,53.3300,-20.0000
196.0500,53.3422,-20.0000
196.0819,53.3500,-20.0000
196.1000,53.3544,-20.0000
196.1500,53.3665,-20.0000
196.2000,53.3786,-20.0000
196.2500,53.3908,-20.0000
196.2874,53.4000,-20.0000
196.3000,53.4031,-20.0000
196.3500,53.4154,-20.0000
196.4000,53.4279,-20.0000
196.4500,53.4406,-20.0000
196.4863,53.4500,-20.0000
196.5000,53.4536,-20.0000
196.5500,53.4669,-20.0000
196.6000,53.4807,-20.0000
196.6500,53.4950,-20.0000
196.6667,53.5000,-20.0000
196.7000,53.5100,-20.0000
196.7500,53.5257,-20.0000
196.8000,53.5422,-20.0000
196.8223,53.5500,-20.0000
196.8500,53.5596,-20.0000
196.9000,53.5780,-20.0000
196.9500,53.5972,-20.0000
196.9569,53.6000,-20.0000
197.0000,53.6172,-20.0000
197.0500,53.6381,-20.0000
197.0777,53.6500,-20.0000
197.1000,53.6595,-20.0000
197.1500,53.6813,-20.0000
197.1920,53.7000,-20.0000
197.2000,53.7035,-20.0000
197.2500,53.7254,-20.0000
197.3000,53.7474,-20.0000
197.3059,53.7500,-20.0000
197.3500,53.7686,-20.0000
197.4000,53.7895,-20.0000
197.4259,53.8000,-20.0000
197.4500,53.8094,-20.0000
197.5000,53.8284,-20.0000
197.5500,53.8467,-20.0000
197.5595,53.8500,-20.0000
197.6000,53.8636,-20.0000
197.6500,53.8795,-20.0000
197.7000,53.8945,-20.0000
197.7196,53.9000,-20.0000
197.7500,53.9082,-20.0000
197.8000,53.9208,-20.0000
197.8500,53.9326,-20.0000
197.9000,53.9435,-20.0000
197.9320,53.9500,-20.0000
197.9500,53.9535,-20.0000
198.0000,53.9626,-20.0000
198.0500,53.9711,-20.0000
198.1000,53.9791,-20.0000
198.1500,53.9867,-20.0000
198.2000,53.9940,-20.0000
198.2429,54.0000,-20.0000
198.2500,54.0010,-20.0000
198.3000,54.0076,-20.0000
198.3500,54.0141,-20.0000
198.4000,54.0206,-20.0000
198.4500,54.0271,-20.0000
198.5000,54.0337,-20.0000
198.5500,54.0403,-20.0000
198.6000,54.0471,-20.0000
198.6215,54.0500,-20.0000
198.6500,54.0538,-20.0000
198.7000,54.0604,-20.0000
198.7500,54.0672,-20.0000
198.8000,54.0741,-20.0000
198.8500,54.0811,-20.0000
198.9000,54.0882,-20.0000
198.9500,54.0954,-20.0000
198.9814,54.1000,-20.0000
199.0000,54.1026,-20.0000
199.0500,54.1098,-20.0000
199.1000,54.1170,-20.0000
199.1500,54.1244,-20.0000
199.2000,54.1319,-20.0000
199.2500,54.1395,-20.0000
199.3000,54.1473,-20.0000
199.3168,54.1500,-20.0000
199.3500,54.1551,-20.0000
199.4000,54.1631,-20.0000
199.4500,54.1712,-20.0000
199.5000,54.1796,-20.0000
199.5500,54.1883,-20.0000
199.6000,54.1973,-20.0000
199.6148,54.2000,-20.0000
199.6500,54.2063,-20.0000
199.7000,54.2157,-20.0000
199.7500,54.2254,-20.0000
199.8000,54.2355,-20.0000
199.8500,54.2461,-20.0000
199.8679,54.2500,-20.0000
199.9000,54.2569,-20.0000
199.9500,54.2682,-20.0000
200.0000,54.2801,-20.0000
200.0500,54.2927,-20.0000
200.0773,54.3000,-20.0000
200.1000,54.3059,-20.0000
200.1500,54.3197,-20.0000
200.2000,54.3344,-20.0000
200.2499,54.3500,-20.0000
200.2500,54.3500,-20.0000
200.3000,54.3661,-20.0000
200.3500,54.3831,-20.0000
200.3976,54.4000,-20.0000
200.4000,54.4008,-20.0000
200.4500,54.4189,-20.0000
200.5000,54.4375,-20.0000
200.5330,54.4500,-20.0000
200.5500,54.4563,-20.0000
200.6000,54.4750,-20.0000
200.6500,54.4938,-20.0000
200.6667,54.5000,-20.0000
200.7000,54.5120,-20.0000
200.7500,54.5297,-20.0000
200.8000,54.5471,-20.0000
200.8086,54.5500,-20.0000
200.8500,54.5634,-20.0000
200.9000,54.5792,-20.0000
200.9500,54.5944,-20.0000
200.9691,54.6000,-20.0000
201.0000,54.6088,-20.0000
201.0500,54.6225,-20.0000
201.1000,54.6359,-20.0000
201.1500,54.6492,-20.0000
201.1532,54.6500,-20.0000
201.2000,54.6617,-20.0000
201.2500,54.6742,-20.0000
201.3000,54.6868,-20.0000
201.3500,54.6996,-20.0000
201.3516,54.7000,-20.0000
201.4000,54.7121,-20.0000
201.4500,54.7250,-20.0000
201.5000,54.7384,-20.0000
201.5415,54.7500,-20.0000
201.5500,54.7523,-20.0000
201.6000,54.7664,-20.0000
201.6500,54.7813,-20.0000
201.7000,54.7970,-20.0000
201.7091,54.8000,-20.0000
201.7500,54.8132,-20.0000
201.8000,54.8304,-20.0000
201.8500,54.8487,-20.0000
201.8535,54.8500,-20.0000
201.9000,54.8676,-20.0000
201.9500,54.8878,-20.0000
201.9786,54.9000,-20.0000
202.0000,54.9092,-20.0000
202.0500,54.9316,-20.0000
202.0888,54.9500,-20.0000
202.1000,54.9554,-20.0000
202.1500,54.9802,-20.0000
202.1880,55.0000,-20.0000
202.2000,55.0063,-20.0000
202.2500,55.0333,-20.0000
202.2799,55.0500,-20.0000
202.3000,55.0613,-20.0000
202.3500,55.0900,-20.0000
202.3673,55.1000,-20.0000
202.4000,55.1190,-20.0000
202.4500,55.1484,-20.0000
202.4527,55.1500,-20.0000
202.5000,55.1774,-20.0000
202.5393,55.2000,-20.0000
202.5500,55.2061,-20.0000
202.6000,55.2341,-20.0000
202.6291,55.2500,-20.0000
202.6500,55.2613,-20.0000
202.7000,55.2876,-20.0000
202.7241,55.3000,-20.0000
202.7500,55.3130,-20.0000
202.8000,55.3376,-20.0000
202.8257,55.3500,-20.0000
202.8500,55.3614,-20.0000
202.9000,55.3845,-20.0000
202.9338,55.4000,-20.0000
202.9500,55.4072,-20.0000
203.0000,55.4292,-20.0000
203.0468,55.4500,-20.0000
203.0500,55.4514,-20.0000
203.1000,55.4727,-20.0000
203.1500,55.4944,-20.0000
203.1628,55.5000,-20.0000
203.2000,55.5157,-20.0000
203.2500,55.5372,-20.0000
203.2793,55.5500,-20.0000
203.3000,55.5588,-20.0000
203.3500,55.5802,-20.0000
203.3946,55.6000,-20.0000
203.4000,55.6023,-20.0000
203.4500,55.6239,-20.0000
203.5000,55.6464,-20.0000
203.5079,55.6500,-20.0000
203.5500,55.6684,-20.0000
203.6000,55.6912,-20.0000
203.6190,55.7000,-20.0000
203.6500,55.7138,-20.0000
203.7000,55.7368,-20.0000
203.7280,55.7500,-20.0000
203.7500,55.7600,-20.0000
203.8000,55.7832,-20.0000
203.8351,55.8000,-20.0000
203.8500,55.8068,-20.0000
203.9000,55.8302,-20.0000
203.9409,55.8500,-20.0000
203.9500,55.8542,-20.0000
204.0000,55.8777,-20.0000
204.0458,55.9000,-20.0000
204.0500,55.9019,-20.0000
204.1000,55.9254,-20.0000
204.1500,55.9497,-20.0000
204.1506,55.9500,-20.0000
204.2000,55.9730,-20.0000
204.2500,55.9968,-20.0000
204.2567,56.0000,-20.0000
204.3000,56.0197,-20.0000
204.3500,56.0426,-20.0000
204.3663,56.0500,-20.0000
204.4000,56.0646,-20.0000
204.4500,56.0861,-20.0000
204.4826,56.1000,-20.0000
204.5000,56.1071,-20.0000
204.5500,56.1269,-20.0000
204.6000,56.1464,-20.0000
204.6096,56.1500,-20.0000
204.6500,56.1646,-20.0000
204.7000,56.1822,-20.0000
204.7500,56.1992,-20.0000
204.7525,56.2000,-20.0000
204.8000,56.2150,-20.0000
204.8500,56.2302,-20.0000
204.9000,56.2449,-20.0000
204.9179,56.2500,-20.0000
204.9500,56.2588,-20.0000
205.0000,56.2720,-20.0000
205.0500,56.2847,-20.0000
205.1000,56.2971,-20.0000
205.1125,56.3000,-20.0000
205.1500,56.3087,-20.0000
205.2000,56.3201,-20.0000
205.2500,56.3312,-20.0000
205.3000,56.3422,-20.0000
205.3354,56.3500,-20.0000
205.3500,56.3532,-20.0000
205.4000,56.3642,-20.0000
205.4500,56.3755,-20.0000
205.5000,56.3872,-20.0000
205.5500,56.3994,-20.0000
205.5523,56.4000,-20.0000
205.6000,56.4123,-20.0000
205.6500,56.4259,-20.0000
205.7000,56.4405,-20.0000
205.7307,56.4500,-20.0000
205.7500,56.4561,-20.0000
205.8000,56.4727,-20.0000
205.8500,56.4904,-20.0000
205.8759,56.5000,-20.0000
205.9000,56.5091,-20.0000
205.9500,56.5288,-20.0000
206.0000,56.5495,-20.0000
206.0012,56.5500,-20.0000
206.0500,56.5709,-20.0000
206.1000,56.5930,-20.0000
206.1155,56.6000,-20.0000
206.1500,56.6157,-20.0000
206.2000,56.6387,-20.0000
206.2243,56.6500,-20.0000
206.2500,56.6620,-20.0000
206.3000,56.6853,-20.0000
206.3319,56.7000,-20.0000
206.3500,56.7084,-20.0000
206.4000,56.7312,-20.0000
206.4421,56.7500,-20.0000
206.4500,56.7535,-20.0000
206.5000,56.7752,-20.0000
206.5500,56.7961,-20.0000
206.5596,56.8000,-20.0000
206.6000,56.8162,-20.0000
206.6500,56.8353,-20.0000
206.6901,56.8500,-20.0000
206.7000,56.8536,-20.0000
206.7500,56.8709,-20.0000
206.8000,56.8874,-20.0000
206.8402,56.9000,-20.0000
206.8500,56.9031,-20.0000
206.9000,56.9180,-20.0000
206.9500,56.9323,-20.0000
207.0000,56.9461,-20.0000
207.0145,56.9500,-20.0000
207.0500,56.9595,-20.0000
207.1000,56.9724,-20.0000
207.1500,56.9852,-20.0000
207.2000,56.9977,-20.0000
207.2091,57.0000,-20.0000
207.2500,57.0103,-20.0000
207.3000,57.0229,-20.0000
207.3500,57.0357,-20.0000
207.4000,57.0487,-20.0000
207.4047,57.0500,-20.0000
207.4500,57.0626,-20.0000
207.5000,57.0771,-20.0000
207.5500,57.0927,-20.0000
207.5720,57.1000,-20.0000
207.6000,57.1097,-20.0000
207.6500,57.1286,-20.0000
207.7000,57.1493,-20.0000
207.7016,57.1500,-20.0000
207.7500,57.1730,-20.0000
207.8000,57.1994,-20.0000
207.8010,57.2000,-20.0000
207.8500,57.2298,-20.0000
207.8804,57.2500,-20.0000
207.9000,57.2637,-20.0000
207.9482,57.3000,-20.0000
207.9500,57.3015,-20.0000
208.0000,57.3430,-20.0000
208.0081,57.3500,-20.0000
208.0500,57.3871,-20.0000
208.0642,57.4000,-20.0000
208.1000,57.4326,-20.0000
208.1191,57.4500,-20.0000
208.1500,57.4778,-20.0000
208.1751,57.5000,-20.0000
208.2000,57.5214,-20.0000
208.2345,57.5500,-20.0000
208.2500,57.5624,-20.0000
208.2995,57.6000,-20.0000
208.3000,57.6003,-20.0000
208.3500,57.6354,-20.0000
208.3723,57.6500,-20.0000
208.4000,57.6675,-20.0000
208.4500,57.6970,-20.0000
208.4553,57.7000,-20.0000
208.5000,57.7246,-20.0000
208.5496,57.7500,-20.0000
208.5500,57.7502,-20.0000
208.6000,57.7748,-20.0000
208.6500,57.7981,-20.0000
208.6541,57.8000,-20.0000
208.7000,57.8211,-20.0000
208.7500,57.8432,-20.0000
208.7654,57.8500,-20.0000
208.8000,57.8655,-20.0000
208.8500,57.8874,-20.0000
208.8789,57.9000,-20.0000
208.9000,57.9094,-20.0000
208.9500,57.9317,-20.0000
208.9916,57.9500,-20.0000
209.0000,57.9538,-20.0000
209.0500,57.9766,-20.0000
209.1000,57.9989,-20.0000
209.1024,58.0000,-20.0000
209.1500,58.0221,-20.0000
209.2000,58.0448,-20.0000
209.2116,58.0500,-20.0000
209.2500,58.0682,-20.0000
209.3000,58.0914,-20.0000
209.3191,58.1000,-20.0000
209.3500,58.1151,-20.0000
209.4000,58.1390,-20.0000
209.4235,58.1500,-20.0000
209.4500,58.1636,-20.0000
209.5000,58.1891,-20.0000
209.5214,58.2000,-20.0000
209.5500,58.2160,-20.0000
209.6000,58.2445,-20.0000
209.6095,58.2500,-20.0000
209.6500,58.2759,-20.0000
209.6860,58.3000,-20.0000
209.7000,58.3104,-20.0000
209.7500,58.3492,-20.0000
209.7510,58.3500,-20.0000
209.8000,58.3939,-20.0000
209.8064,58.4000,-20.0000
209.8500,58.4455,-20.0000
209.8540,58.4500,-20.0000
209.8955,58.5000,-20.0000
209.9000,58.5059,-20.0000
209.9320,58.5500,-20.0000
209.9500,58.5771,-20.0000
209.9645,58.6000,-20.0000
209.9932,58.6500,-20.0000
210.0000,58.6630,-20.0000
210.0186,58.7000,-20.0000
210.0407,58.7500,-20.0000
210.0500,58.7747,-20.0000
210.0594,58.8000,-20.0000
210.0749,58.8500,-20.0000
210.0867,58.9000,-20.0000
210.0951,58.9500,-20.0000
210.0999,59.0000,-20.0000
210.1000,59.0035,-20.0000
210.1015,59.0500,-20.0000
210.1000,59.0967,-20.0000
210.0999,59.1000,-20.0000
210.0959,59.1500,-20.0000
210.0900,59.2000,-20.0000
210.0831,59.2500,-20.0000
210.0763,59.3000,-20.0000
210.0705,59.3500,-20.0000
210.0672,59.4000,-20.0000
210.0677,59.4500,-20.0000
210.0735,59.5000,-20.0000
210.0861,59.5500,-20.0000
210.1000,59.5835,-20.0000
210.1078,59.6000,-20.0000
210.1421,59.6500,-20.0000
210.1500,59.6587,-20.0000
210.1942,59.7000,-20.0000
210.2000,59.7043,-20.0000
210.2500,59.7362,-20.0000
210.2757,59.7500,-20.0000
210.3000,59.7611,-20.0000
210.3500,59.7804,-20.0000
210.4000,59.7968,-20.0000
210.4112,59.8000,-20.0000
210.4500,59.8099,-20.0000
210.5000,59.8212,-20.0000
210.5500,59.8315,-20.0000
210.6000,59.8412,-20.0000
210.6458,59.8500,-20.0000
210.6500,59.8508,-20.0000
210.7000,59.8598,-20.0000
210.7500,59.8694,-20.0000
210.8000,59.8798,-20.0000
210.8500,59.8912,-20.0000
210.8856,59.9000,-20.0000
210.9000,59.9035,-20.0000
210.9500,59.9164,-20.0000
211.0000,59.9306,-20.0000
211.0500,59.9459,-20.0000
211.0628,59.9500,-20.0000
211.1000,59.9616,-20.0000
211.1500,59.9779,-20.0000
211.2000,59.9948,-20.0000
211.2154,60.0000,-20.0000
211.2500,60.0114,-20.0000
211.3000,60.0278,-20.0000
211.3500,60.0441,-20.0000
211.3685,60.0500,-20.0000
211.4000,60.0597,-20.0000
211.4500,60.0748,-20.0000
211.5000,60.0896,-20.0000
211.5355,60.1000,-20.0000
211.5500,60.1042,-20.0000
211.6000,60.1184,-20.0000
211.6500,60.1331,-20.0000
211.7000,60.1485,-20.0000
211.7048,60.1500,-20.0000
211.7500,60.1644,-20.0000
211.8000,60.1818,-20.0000
211.8479,60.2000,-20.0000
211.8500,60.2008,-20.0000
211.9000,60.2215,-20.0000
211.9500,60.2444,-20.0000
211.9613,60.2500,-20.0000
212.0000,60.2695,-20.0000
212.0500,60.2970,-20.0000
212.0552,60.3000,-20.0000
212.1000,60.3265,-20.0000
212.1374,60.3500,-20.0000
212.1500,60.3580,-20.0000
212.2000,60.3911,-20.0000
212.2131,60.4000,-20.0000
212.2500,60.4253,-20.0000
212.2854,60.4500,-20.0000
212.3000,60.4603,-20.0000
212.3500,60.4956,-20.0000
212.3563,60.5000,-20.0000
212.4000,60.5309,-20.0000
212.4273,60.5500,-20.0000
212.4500,60.5660,-20.0000
212.4990,60.6000,-20.0000
212.5000,60.6007,-20.0000
212.5500,60.6351,-20.0000
212.5722,60.6500,-20.0000
212.6000,60.6690,-20.0000
212.6469,60.7000,-20.0000
212.6500,60.7021,-20.0000
212.7000,60.7346,-20.0000
212.7248,60.7500,-20.0000
212.7500,60.7660,-20.0000
212.8000,60.7961,-20.0000
212.8070,60.8000,-20.0000
212.8500,60.8247,-20.0000
212.8978,60.8500,-20.0000
212.9000,60.8512,-20.0000
212.9500,60.8759,-20.0000
213.0000,60.8983,-20.0000
213.0042,60.9000,-20.0000
213.0500,60.9187,-20.0000
213.1000,60.9373,-20.0000
213.1373,60.9500,-20.0000
213.1500,60.9543,-20.0000
213.2000,60.9698,-20.0000
213.2500,60.9843,-20.0000
213.3000,60.9979,-20.0000
213.3079,61.0000,-20.0000
213.3500,61.0106,-20.0000
213.4000,61.0226,-20.0000
213.4500,61.0338,-20.0000
213.5000,61.0441,-20.0000
213.5311,61.0500,-20.0000
213.5500,61.0534,-20.0000
213.6000,61.0612,-20.0000
213.6500,61.0676,-20.0000
213.7000,61.0724,-20.0000
213.7500,61.0756,-20.0000
213.8000,61.0772,-20.0000
213.8500,61.0771,-20.0000
213.9000,61.0754,-20.0000
213.9500,61.0724,-20.0000
214.0000,61.0681,-20.0000
214.0500,61.0629,-20.0000
214.1000,61.0569,-20.0000
214.1500,61.0504,-20.0000
214.1527,61.0500,-20.0000
214.2000,61.0431,-20.0000
214.2500,61.0358,-20.0000
214.3000,61.0284,-20.0000
214.3500,61.0213,-20.0000
214.4000,61.0146,-20.0000
214.4500,61.0085,-20.0000
214.5000,61.0029,-20.0000
214.5303,61.0000,-20.0000
214.5500,60.9980,-20.0000
214.6000,60.9939,-20.0000
214.6500,60.9907,-20.0000
214.7000,60.9887,-20.0000
214.7500,60.9879,-20.0000
214.8000,60.9883,-20.0000
214.8500,60.9900,-20.0000
214.9000,60.9930,-20.0000
214.9500,60.9973,-20.0000
214.9731,61.0000,-20.0000
215.0000,61.0028,-20.0000
215.0500,61.0092,-20.0000
215.1000,61.0167,-20.0000
215.1500,61.0253,-20.0000
215.2000,61.0348,-20.0000
215.2500,61.0450,-20.0000
215.2722,61.0500,-20.0000
215.3000,61.0556,-20.0000
215.3500,61.0664,-20.0000
215.4000,61.0775,-20.0000
215.4500,61.0890,-20.0000
215.4970,61.1000,-20.0000
215.5000,61.1006,-20.0000
215.5500,61.1117,-20.0000
215.6000,61.1227,-20.0000
215.6500,61.1338,-20.0000
215.7000,61.1449,-20.0000
215.7228,61.1500,-20.0000
215.7500,61.1556,-20.0000
215.8000,61.1659,-20.0000
215.8500,61.1762,-20.0000
215.9000,61.1866,-20.0000
215.9500,61.1970,-20.0000
215.9644,61.2000,-20.0000
216.0000,61.2070,-20.0000
216.0500,61.2169,-20.0000
216.1000,61.2270,-20.0000
216.1500,61.2373,-20.0000
216.2000,61.2477,-20.0000
216.2105,61.2500,-20.0000
216.2500,61.2579,-20.0000
216.3000,61.2680,-20.0000
216.3500,61.2784,-20.0000
216.4000,61.2889,-20.0000
216.4500,61.2996,-20.0000
216.4518,61.3000,-20.0000
216.5000,61.3098,-20.0000
216.5500,61.3201,-20.0000
216.6000,61.3305,-20.0000
216.6500,61.3410,-20.0000
216.6923,61.3500,-20.0000
216.7000,61.3516,-20.0000
216.7500,61.3618,-20.0000
216.8000,61.3722,-20.0000
216.8500,61.3828,-20.0000
216.9000,61.3938,-20.0000
216.9274,61.4000,-20.0000
216.9500,61.4049,-20.0000
217.0000,61.4162,-20.0000
217.0500,61.4280,-20.0000
217.1000,61.4405,-20.0000
217.1363,61.4500,-20.0000
217.1500,61.4535,-20.0000
217.2000,61.4669,-20.0000
217.2500,61.4810,-20.0000
217.3000,61.4958,-20.0000
217.3136,61.5000,-20.0000
217.3500,61.5110,-20.0000
217.4000,61.5267,-20.0000
217.4500,61.5430,-20.0000
217.4712,61.5500,-20.0000
217.5000,61.5594,-20.0000
217.5500,61.5758,-20.0000
217.6000,61.5924,-20.0000
217.6232,61.6000,-20.0000
217.6500,61.6087,-20.0000
217.7000,61.6245,-20.0000
217.7500,61.6400,-20.0000
217.7838,61.6500,-20.0000
217.8000,61.6548,-20.0000
217.8500,61.6687,-20.0000
217.9000,61.6819,-20.0000
217.9500,61.6943,-20.0000
217.9748,61.7000,-20.0000
218.0000,61.7057,-20.0000
218.0500,61.7162,-20.0000
218.1000,61.7258,-20.0000