219.1000,61.8063,-20.0000
219.1500,61.8073,-20.0000
219.2000,61.8081,-20.0000
219.2500,61.8087,-20.0000
219.3000,61.8090,-20.0000
219.3500,61.8091,-20.0000
219.4000,61.8090,-20.0000
219.4500,61.8085,-20.0000
219.5000,61.8078,-20.0000
219.5500,61.8068,-20.0000
219.6000,61.8056,-20.0000
219.6500,61.8042,-20.0000
219.7000,61.8028,-20.0000
219.7500,61.8013,-20.0000
219.7950,61.8000,-20.0000
219.8000,61.7999,-20.0000
219.8500,61.7987,-20.0000
219.9000,61.7979,-20.0000
219.9500,61.7976,-20.0000
220.0000,61.7980,-20.0000
220.0500,61.7992,-20.0000
220.0690,61.8000,-20.0000
220.1000,61.8013,-20.0000
220.1500,61.8046,-20.0000
220.2000,61.8089,-20.0000
220.2500,61.8143,-20.0000
220.3000,61.8207,-20.0000
220.3500,61.8280,-20.0000
220.4000,61.8362,-20.0000
220.4500,61.8448,-20.0000
220.4788,61.8500,-20.0000
220.5000,61.8538,-20.0000
220.5500,61.8628,-20.0000
220.6000,61.8716,-20.0000
220.6500,61.8800,-20.0000